  1.000000   1.000000   1.000000   1.000000   1.000000   1.000000   0.000000   0.000000   0.000000   0.000000                   0.000000   0.000000   0.000000   0.000000   0.000000   0.000000   0.000000   0.000000   0.000000   0.000000                   0.000000   0.000000   0.000000   0.000000   0.000000   0.000000   0.000000   0.000000   0.000000   0.000000                   0.000000   0.000000   0.000000   0.000000   0.000000   0.000000   0.000000   0.000000   0.000000   0.000000                   0.000000   0.000000   0.000000   0.000000   0.000000   0.000000   0.000000   0.000000   0.000000   0.000000   0.000000
  1.000000   1.000000   1.000000   1.000000   1.000000   1.000000   0.000000   0.000000   0.000000   0.000000                   0.000000   0.000000   0.000000   0.000000   0.000000   0.000000   0.000000   0.000000   0.000000   0.000000                   0.000000   0.000000   0.000000   0.000000   0.000000   0.000000   0.000000   0.000000   0.000000   0.000000                   0.000000   0.000000   0.000000   0.000000   0.000000   0.000000   0.000000   0.000000   0.000000   0.000000                   0.000000   0.000000   0.000000   0.000000   0.000000   0.000000   0.000000   0.000000   0.000000   0.000000   0.000000
  1.000000   1.000000   1.000000   1.000000   1.000000   1.000000   0.500000   0.166667   0.027778  -0.009259                  -0.010802  -0.005658  -0.001972  -0.000372   0.000081   0.000116   0.000064   0.000023   0.000005  -0.000001                  -0.000001  -0.000001  -0.000000  -0.000000   0.000000   0.000000   0.000000   0.000000   0.000000  -0.000000                  -0.000000  -0.000000  -0.000000  -0.000000  -0.000000   0.000000   0.000000   0.000000   0.000000   0.000000                  -0.000000  -0.000000  -0.000000  -0.000000  -0.000000   0.000000   0.000000   0.000000   0.000000   0.000000  -0.000000
  1.000000   1.000000   1.000000   1.000000   1.000000   1.000000   0.833333   0.500000   0.212963   0.052469                  -0.007716  -0.017661  -0.011803  -0.005173  -0.001427  -0.000012   0.000272   0.000199   0.000091   0.000027                   0.000002  -0.000004  -0.000003  -0.000001  -0.000000  -0.000000   0.000000   0.000000   0.000000   0.000000                   0.000000  -0.000000  -0.000000  -0.000000  -0.000000  -0.000000   0.000000   0.000000   0.000000   0.000000                   0.000000  -0.000000  -0.000000  -0.000000  -0.000000  -0.000000   0.000000   0.000000   0.000000   0.000000   0.000000
  1.000000   1.000000   1.000000   1.000000   1.000000   1.000000   0.972222   0.787037   0.500000   0.238683                   0.072445  -0.002315  -0.021157  -0.017105  -0.008842  -0.003072  -0.000403   0.000372   0.000375   0.000206                   0.000076   0.000014  -0.000005  -0.000007  -0.000004  -0.000002  -0.000000   0.000000   0.000000   0.000000                   0.000000   0.000000  -0.000000  -0.000000  -0.000000  -0.000000  -0.000000  -0.000000   0.000000   0.000000                   0.000000   0.000000   0.000000  -0.000000  -0.000000  -0.000000  -0.000000  -0.000000   0.000000   0.000000   0.000000
  1.000000   1.000000   1.000000   1.000000   1.000000   1.000000   1.009259   0.947531   0.761317   0.500000                   0.256030   0.088754   0.004360  -0.022427  -0.021335  -0.012531  -0.005112  -0.001105   0.000350   0.000550                   0.000359   0.000158   0.000042  -0.000002  -0.000011  -0.000008  -0.000004  -0.000001  -0.000000   0.000000                   0.000000   0.000000   0.000000   0.000000  -0.000000  -0.000000  -0.000000  -0.000000  -0.000000   0.000000                   0.000000   0.000000   0.000000   0.000000  -0.000000  -0.000000  -0.000000  -0.000000  -0.000000   0.000000   0.000000
  0.000000   0.000000   0.500000   0.833333   0.972222   1.009259   1.021605   1.013374   0.929527   0.744342                   0.499919   0.268777   0.102298   0.011302  -0.022265  -0.024569  -0.016010  -0.007377  -0.002079   0.000176                   0.000691   0.000534   0.000270   0.000091   0.000009  -0.000014  -0.000014  -0.000007  -0.000003  -0.000000                   0.000000   0.000000   0.000000   0.000000   0.000000  -0.000000  -0.000000  -0.000000  -0.000000  -0.000000                   0.000000   0.000000   0.000000   0.000000   0.000000   0.000000  -0.000000  -0.000000  -0.000000  -0.000000  -0.000000
  0.000000   0.000000   0.166667   0.500000   0.787037   0.947531   1.013374   1.035322   1.014118   0.916419                   0.732534   0.500012   0.278724   0.113753   0.018094  -0.021187  -0.026962  -0.019177  -0.009735  -0.003268                  -0.000156   0.000771   0.000712   0.000407   0.000160   0.000031  -0.000015  -0.000020  -0.000012  -0.000005                  -0.000001   0.000000   0.000000   0.000000   0.000000   0.000000   0.000000  -0.000000  -0.000000  -0.000000                  -0.000000  -0.000000   0.000000   0.000000   0.000000   0.000000   0.000000  -0.000000  -0.000000  -0.000000  -0.000000
  0.000000   0.000000   0.027778   0.212963   0.500000   0.761317   0.929527   1.014118   1.042314   1.012746                   0.906481   0.724075   0.500403   0.286875   0.123623   0.024573  -0.019528  -0.028669  -0.022002  -0.012098                  -0.004617  -0.000637   0.000775   0.000879   0.000562   0.000251   0.000066  -0.000010  -0.000025  -0.000019                  -0.000009  -0.000003  -0.000000   0.000001   0.000001   0.000000   0.000000   0.000000  -0.000000  -0.000000                  -0.000000  -0.000000  -0.000000   0.000000   0.000000   0.000000   0.000000   0.000000  -0.000000  -0.000000  -0.000000
  0.000000   0.000000  -0.009259   0.052469   0.238683   0.500000   0.744342   0.916419   1.012746   1.044855                   1.010010   0.898579   0.717866   0.501105   0.293825   0.132279   0.030690  -0.017503  -0.029829  -0.024489                  -0.014407  -0.006076  -0.001252   0.000696   0.001021   0.000727   0.000361   0.000117   0.000003  -0.000029                  -0.000026  -0.000014  -0.000005  -0.000001   0.000001   0.000001   0.000000   0.000000   0.000000  -0.000000                  -0.000000  -0.000000  -0.000000  -0.000000   0.000000   0.000000   0.000000   0.000000   0.000000   0.000000  -0.000000
  0.000000   0.000000  -0.010802  -0.007716   0.072445   0.256030   0.499919   0.732534   0.906481   1.010010                   1.044520   1.006385   0.892013   0.713202   0.502079   0.299943   0.139997   0.036450  -0.015252  -0.030553                  -0.026662  -0.016627  -0.007605  -0.001981   0.000534   0.001129   0.000893   0.000487   0.000182   0.000024                  -0.000030  -0.000033  -0.000021  -0.000009  -0.000002   0.000000   0.000001   0.000001   0.000000   0.000000                   0.000000  -0.000000  -0.000000  -0.000000  -0.000000  -0.000000   0.000000   0.000000   0.000000   0.000000   0.000000
  0.000000   0.000000  -0.005658  -0.017661  -0.002315   0.088754   0.268777   0.500012   0.724075   0.898579                   1.006385   1.042321   1.002181   0.886351   0.709619   0.503269   0.305459   0.146979   0.041879  -0.012864                  -0.030929  -0.028547  -0.018738  -0.009171  -0.002805   0.000290   0.001196   0.001054   0.000624   0.000261                   0.000054  -0.000027  -0.000040  -0.000028  -0.000014  -0.000004   0.000000   0.000001   0.000001   0.000001                   0.000000   0.000000  -0.000000  -0.000000  -0.000000  -0.000000  -0.000000   0.000000   0.000000   0.000000   0.000000
  0.000000   0.000000  -0.001972  -0.011803  -0.021157   0.004360   0.102298   0.278724   0.500403   0.717866                   0.892013   1.002181   1.038904   0.997606   0.881320   0.706801   0.504621   0.310524   0.153374   0.047012                  -0.010397  -0.031027  -0.030176  -0.020730  -0.010750  -0.003706  -0.000031   0.001219   0.001203   0.000769                   0.000353   0.000095  -0.000019  -0.000046  -0.000036  -0.000019  -0.000007  -0.000001   0.000001   0.000001                   0.000001   0.000000   0.000000  -0.000000  -0.000000  -0.000000  -0.000000  -0.000000   0.000000   0.000000   0.000000
  0.000000   0.000000  -0.000372  -0.005173  -0.017105  -0.022427   0.011302   0.113753   0.286875   0.501105                   0.713202   0.886351   0.997606   1.034691   0.992803   0.876743   0.704532   0.506084   0.315237   0.159296                   0.051881  -0.007889  -0.030900  -0.031577  -0.022600  -0.012323  -0.004669  -0.000422   0.001195   0.001336                   0.000918   0.000457   0.000146  -0.000005  -0.000049  -0.000044  -0.000026  -0.000011  -0.000002   0.000001                   0.000002   0.000001   0.000001   0.000000  -0.000000  -0.000000  -0.000000  -0.000000  -0.000000  -0.000000   0.000000
  0.000000   0.000000   0.000081  -0.001427  -0.008842  -0.021335  -0.022265   0.018094   0.123623   0.293825                   0.502079   0.709619   0.881320   0.992803   1.029964   0.987870   0.872504   0.702660   0.507618   0.319664                   0.164827   0.056519  -0.005363  -0.030591  -0.032776  -0.024350  -0.013878  -0.005678  -0.000876   0.001125                   0.001449   0.001068   0.000571   0.000207   0.000016  -0.000050  -0.000052  -0.000033  -0.000015  -0.000004                   0.000001   0.000002   0.000001   0.000001   0.000000   0.000000  -0.000000  -0.000000  -0.000000  -0.000000  -0.000000
  0.000000   0.000000   0.000116  -0.000012  -0.003072  -0.012531  -0.024569  -0.021187   0.024573   0.132279                   0.299943   0.503269   0.706801   0.876743   0.987870   1.024913   0.982878   0.868525   0.701077   0.509190                   0.323852   0.170030   0.060953  -0.002834  -0.030132  -0.033795  -0.025982  -0.015404  -0.006722  -0.001387                   0.001009   0.001539   0.001214   0.000692   0.000278   0.000044  -0.000047  -0.000059  -0.000041  -0.000021                  -0.000007   0.000000   0.000002   0.000002   0.000001   0.000000   0.000000  -0.000000  -0.000000  -0.000000  -0.000000
  0.000000   0.000000   0.000064   0.000272  -0.000403  -0.005112  -0.016010  -0.026962  -0.019528   0.030690                   0.139997   0.305459   0.504621   0.704532   0.872504   0.982878   1.019669   0.977873   0.864752   0.699705                   0.510775   0.327833   0.174955   0.065207  -0.000313  -0.029548  -0.034655  -0.027501  -0.016894  -0.007791                  -0.001947   0.000849   0.001605   0.001355   0.000818   0.000357   0.000079  -0.000041  -0.000066  -0.000050                  -0.000027  -0.000010  -0.000001   0.000002   0.000002   0.000001   0.000001   0.000000  -0.000000  -0.000000  -0.000000
  0.000000   0.000000   0.000023   0.000199   0.000372  -0.001105  -0.007377  -0.019177  -0.028669  -0.017503                   0.036450   0.146979   0.310524   0.506084   0.702660   0.868525   0.977873   1.014323   0.972891   0.861146                   0.698490   0.512352   0.331631   0.179639   0.069301   0.002194  -0.028860  -0.035373  -0.028914  -0.018343                  -0.008876  -0.002551   0.000646   0.001644   0.001487   0.000949   0.000445   0.000121  -0.000030  -0.000070                  -0.000059  -0.000034  -0.000014  -0.000002   0.000002   0.000003   0.000002   0.000001   0.000000  -0.000000  -0.000000
  0.000000   0.000000   0.000005   0.000091   0.000375   0.000350  -0.002079  -0.009735  -0.022002  -0.029829                  -0.015252   0.041879   0.153374   0.315237   0.507618   0.701077   0.864752   0.972891   1.008938   0.967956                   0.857679   0.697389   0.513908   0.335265   0.184112   0.073251   0.004684  -0.028084  -0.035964  -0.030226                  -0.019749  -0.009971  -0.003192   0.000404   0.001656   0.001610   0.001081   0.000540   0.000170  -0.000015                  -0.000073  -0.000067  -0.000042  -0.000019  -0.000004   0.000002   0.000003   0.000002   0.000001   0.000000   0.000000
  0.000000   0.000000  -0.000001   0.000027   0.000206   0.000550   0.000176  -0.003268  -0.012098  -0.024489                  -0.030553  -0.012864   0.047012   0.159296   0.319664   0.509190   0.699705   0.861146   0.967956   1.003560                   0.963085   0.854330   0.696373   0.515431   0.338749   0.188396   0.077072   0.007155  -0.027232  -0.036440                  -0.031442  -0.021110  -0.011069  -0.003866   0.000124   0.001642   0.001720   0.001213   0.000640   0.000227                   0.000006  -0.000073  -0.000075  -0.000050  -0.000024  -0.000007   0.000001   0.000003   0.000003   0.000002   0.000001
  0.000000   0.000000  -0.000001   0.000002   0.000076   0.000359   0.000691  -0.000156  -0.004617  -0.014407                  -0.026662  -0.030929  -0.010397   0.051881   0.164827   0.323852   0.510775   0.698490   0.857679   0.963085                   0.998220   0.958288   0.851086   0.695419   0.516912   0.342094   0.192511   0.080776   0.009605  -0.026316                  -0.036814  -0.032568  -0.022424  -0.012165  -0.004566  -0.000190   0.001601   0.001818   0.001343   0.000746                   0.000290   0.000031  -0.000071  -0.000082  -0.000058  -0.000030  -0.000010  -0.000000   0.000003   0.000003   0.000002
  0.000000   0.000000  -0.000001  -0.000004   0.000014   0.000158   0.000534   0.000771  -0.000637  -0.006076                  -0.016627  -0.028547  -0.031027  -0.007889   0.056519   0.170030   0.327833   0.512352   0.697389   0.854330                   0.958288   0.992940   0.953574   0.847933   0.694510   0.518348   0.345309   0.196473   0.084372   0.012032                  -0.025343  -0.037095  -0.033610  -0.023690  -0.013257  -0.005290  -0.000537   0.001534   0.001901   0.001471                   0.000856   0.000358   0.000062  -0.000065  -0.000089  -0.000067  -0.000037  -0.000014  -0.000002   0.000003   0.000004
  0.000000   0.000000  -0.000000  -0.000003  -0.000005   0.000042   0.000270   0.000712   0.000775  -0.001252                  -0.007605  -0.018738  -0.030176  -0.030900  -0.005363   0.060953   0.174955   0.331631   0.513908   0.696373                   0.851086   0.953574   0.987737   0.948948   0.844864   0.693634   0.519733   0.348402   0.200293   0.087869                   0.014438  -0.024321  -0.037290  -0.034572  -0.024910  -0.014340  -0.006033  -0.000912   0.001440   0.001969                   0.001595   0.000969   0.000433   0.000097  -0.000057  -0.000094  -0.000076  -0.000044  -0.000018  -0.000003   0.000003
  0.000000   0.000000  -0.000000  -0.000001  -0.000007  -0.000002   0.000091   0.000407   0.000879   0.000696                  -0.001981  -0.009171  -0.020730  -0.031577  -0.030591  -0.002834   0.065207   0.179639   0.335265   0.515431                   0.695419   0.847933   0.948948   0.982620   0.944413   0.841870   0.692782   0.521065   0.351380   0.203983                   0.091274   0.016821  -0.023257  -0.037408  -0.035460  -0.026083  -0.015411  -0.006791  -0.001315   0.001322                   0.002021   0.001713   0.001084   0.000513   0.000138  -0.000045  -0.000097  -0.000085  -0.000052  -0.000024  -0.000006
  0.000000   0.000000   0.000000  -0.000000  -0.000004  -0.000011   0.000009   0.000160   0.000562   0.001021                   0.000534  -0.002805  -0.010750  -0.022600  -0.032776  -0.030132  -0.000313   0.069301   0.184112   0.338749                   0.516912   0.694510   0.844864   0.944413   0.977595   0.939969   0.838946   0.691946   0.522344   0.354249                   0.207552   0.094594   0.019181  -0.022155  -0.037455  -0.036276  -0.027210  -0.016469  -0.007561  -0.001743                   0.001180   0.002058   0.001826   0.001200   0.000597   0.000184  -0.000029  -0.000099  -0.000093  -0.000061  -0.000029
  0.000000   0.000000   0.000000  -0.000000  -0.000002  -0.000008  -0.000014   0.000031   0.000251   0.000727                   0.001129   0.000290  -0.003706  -0.012323  -0.024350  -0.033795  -0.029548   0.002194   0.073251   0.188396                   0.342094   0.518348   0.693634   0.841870   0.939969   0.972669   0.935618   0.836087   0.691121   0.523568                   0.357014   0.211007   0.097833   0.021518  -0.021020  -0.037437  -0.037026  -0.028293  -0.017512  -0.008342                  -0.002192   0.001015   0.002079   0.001931   0.001316   0.000686   0.000235  -0.000010  -0.000099  -0.000101  -0.000069
  0.000000   0.000000   0.000000   0.000000  -0.000000  -0.000004  -0.000014  -0.000015   0.000066   0.000361                   0.000893   0.001196  -0.000031  -0.004669  -0.013878  -0.025982  -0.034655  -0.028860   0.004684   0.077072                   0.192511   0.345309   0.519733   0.692782   0.838946   0.935618   0.967842   0.931359   0.833288   0.690303                   0.524738   0.359681   0.214356   0.100995   0.023833  -0.019855  -0.037358  -0.037713  -0.029330  -0.018539                  -0.009129  -0.002662   0.000828   0.002083   0.002029   0.001432   0.000778   0.000290   0.000013  -0.000097  -0.000108
  0.000000   0.000000   0.000000   0.000000   0.000000  -0.000001  -0.000007  -0.000020  -0.000010   0.000117                   0.000487   0.001054   0.001219  -0.000422  -0.005678  -0.015404  -0.027501  -0.035373  -0.028084   0.007155                   0.080776   0.196473   0.348402   0.521065   0.691946   0.836087   0.931359   0.963116   0.927190   0.830548                   0.689490   0.525855   0.362253   0.217603   0.104086   0.026126  -0.018665  -0.037224  -0.038340  -0.030325                  -0.019547  -0.009922  -0.003151   0.000620   0.002071   0.002118   0.001546   0.000872   0.000349   0.000040  -0.000092
  0.000000   0.000000   0.000000   0.000000   0.000000  -0.000000  -0.000003  -0.000012  -0.000025   0.000003                   0.000182   0.000624   0.001203   0.001195  -0.000876  -0.006722  -0.016894  -0.028914  -0.035964  -0.027232                   0.009605   0.084372   0.200293   0.351380   0.522344   0.691121   0.833288   0.927190   0.958490   0.923110                   0.827862   0.688679   0.526919   0.364736   0.220756   0.107107   0.028396  -0.017451  -0.037039  -0.038911                  -0.031277  -0.020537  -0.010717  -0.003656   0.000392   0.002044   0.002198   0.001658   0.000970   0.000413   0.000070
  0.000000   0.000000  -0.000000   0.000000   0.000000   0.000000  -0.000000  -0.000005  -0.000019  -0.000029                   0.000024   0.000261   0.000769   0.001336   0.001125  -0.001387  -0.007791  -0.018343  -0.030226  -0.036440                  -0.026316   0.012032   0.087869   0.203983   0.354249   0.523568   0.690303   0.830548   0.923110   0.953964                   0.919117   0.825228   0.687869   0.527931   0.367132   0.223817   0.110064   0.030643  -0.016218  -0.036805                  -0.039428  -0.032189  -0.021507  -0.011514  -0.004175   0.000145   0.002000   0.002269   0.001768   0.001069   0.000480
  0.000000   0.000000  -0.000000   0.000000   0.000000   0.000000   0.000000  -0.000001  -0.000009  -0.000026                  -0.000030   0.000054   0.000353   0.000918   0.001449   0.001009  -0.001947  -0.008876  -0.019749  -0.031442                  -0.036814  -0.025343   0.014438   0.091274   0.207552   0.357014   0.524738   0.689490   0.827862   0.919117                   0.949536   0.915210   0.822644   0.687059   0.528894   0.369446   0.226792   0.112957   0.032867  -0.014966                  -0.036528  -0.039894  -0.033060  -0.022458  -0.012311  -0.004708  -0.000120   0.001941   0.002331   0.001874   0.001169
  0.000000   0.000000  -0.000000  -0.000000   0.000000   0.000000   0.000000   0.000000  -0.000003  -0.000014                  -0.000033  -0.000027   0.000095   0.000457   0.001068   0.001539   0.000849  -0.002551  -0.009971  -0.021110                  -0.032568  -0.037095  -0.024321   0.016821   0.094594   0.211007   0.359681   0.525855   0.688679   0.825228                   0.915210   0.945203   0.911385   0.820107   0.686248   0.529809   0.371682   0.229684   0.115790   0.035069                  -0.013699  -0.036209  -0.040311  -0.033892  -0.023387  -0.013106  -0.005253  -0.000401   0.001867   0.002383   0.001977
  0.000000   0.000000  -0.000000  -0.000000  -0.000000   0.000000   0.000000   0.000000  -0.000000  -0.000005                  -0.000021  -0.000040  -0.000019   0.000146   0.000571   0.001214   0.001605   0.000646  -0.003192  -0.011069                  -0.022424  -0.033610  -0.037290  -0.023257   0.019181   0.097833   0.214356   0.362253   0.526919   0.687869                   0.822644   0.911385   0.940965   0.907641   0.817616   0.685435   0.530677   0.373842   0.232497   0.118565                   0.037249  -0.012418  -0.035851  -0.040683  -0.034687  -0.024296  -0.013898  -0.005807  -0.000699   0.001778   0.002425
  0.000000   0.000000  -0.000000  -0.000000  -0.000000   0.000000   0.000000   0.000000   0.000001  -0.000001                  -0.000009  -0.000028  -0.000046  -0.000005   0.000207   0.000692   0.001355   0.001644   0.000404  -0.003866                  -0.012165  -0.023690  -0.034572  -0.037408  -0.022155   0.021518   0.100995   0.217603   0.364736   0.527931                   0.687059   0.820107   0.907641   0.936819   0.903975   0.815169   0.684621   0.531500   0.375930   0.235235                   0.121284   0.039406  -0.011125  -0.035458  -0.041011  -0.035444  -0.025184  -0.014687  -0.006371  -0.001011   0.001675
  0.000000   0.000000  -0.000000  -0.000000  -0.000000  -0.000000   0.000000   0.000000   0.000001   0.000001                  -0.000002  -0.000014  -0.000036  -0.000049   0.000016   0.000278   0.000818   0.001487   0.001656   0.000124                  -0.004566  -0.013257  -0.024910  -0.035460  -0.037455  -0.021020   0.023833   0.104086   0.220756   0.367132                   0.528894   0.686248   0.817616   0.903975   0.932761   0.900385   0.812764   0.683805   0.532279   0.377948                   0.237900   0.123949   0.041541  -0.009822  -0.035031  -0.041297  -0.036166  -0.026051  -0.015471  -0.006942  -0.001337
  0.000000   0.000000   0.000000  -0.000000  -0.000000  -0.000000  -0.000000   0.000000   0.000000   0.000001                   0.000000  -0.000004  -0.000019  -0.000044  -0.000050   0.000044   0.000357   0.000949   0.001610   0.001642                  -0.000190  -0.005290  -0.014340  -0.026083  -0.036276  -0.037437  -0.019855   0.026126   0.107107   0.223817                   0.369446   0.529809   0.685435   0.815169   0.900385   0.928790   0.896869   0.810401   0.682987   0.533017                   0.379900   0.240495   0.126562   0.043654  -0.008510  -0.034573  -0.041544  -0.036853  -0.026897  -0.016249  -0.007520
  0.000000   0.000000   0.000000   0.000000  -0.000000  -0.000000  -0.000000   0.000000   0.000000   0.000000                   0.000001   0.000000  -0.000007  -0.000026  -0.000052  -0.000047   0.000079   0.000445   0.001081   0.001720                   0.001601  -0.000537  -0.006033  -0.015411  -0.027210  -0.037026  -0.037358  -0.018665   0.028396   0.110064                   0.226792   0.371682   0.530677   0.684621   0.812764   0.896869   0.924904   0.893424   0.808077   0.682168                   0.533715   0.381788   0.243024   0.129124   0.045744  -0.007191  -0.034086  -0.041753  -0.037507  -0.027721  -0.017020
  0.000000   0.000000   0.000000   0.000000  -0.000000  -0.000000  -0.000000  -0.000000   0.000000   0.000000                   0.000001   0.000001  -0.000001  -0.000011  -0.000033  -0.000059  -0.000041   0.000121   0.000540   0.001213                   0.001818   0.001534  -0.000912  -0.006791  -0.016469  -0.028293  -0.037713  -0.037224  -0.017451   0.030643                   0.112957   0.229684   0.373842   0.531500   0.683805   0.810401   0.893424   0.921099   0.890048   0.805791                   0.681346   0.534375   0.383614   0.245487   0.131637   0.047812  -0.005865  -0.033571  -0.041925  -0.038128  -0.028524
  0.000000   0.000000   0.000000   0.000000   0.000000  -0.000000  -0.000000  -0.000000  -0.000000   0.000000                   0.000000   0.000001   0.000001  -0.000002  -0.000015  -0.000041  -0.000066  -0.000030   0.000170   0.000640                   0.001343   0.001901   0.001440  -0.001315  -0.007561  -0.017512  -0.029330  -0.038340  -0.037039  -0.016218                   0.032867   0.115790   0.232497   0.375930   0.532279   0.682987   0.808077   0.890048   0.917372   0.886740                   0.803543   0.680524   0.534998   0.385382   0.247889   0.134102   0.049857  -0.004534  -0.033031  -0.042063  -0.038717
  0.000000   0.000000   0.000000   0.000000   0.000000   0.000000  -0.000000  -0.000000  -0.000000  -0.000000                   0.000000   0.000001   0.000001   0.000001  -0.000004  -0.000021  -0.000050  -0.000070  -0.000015   0.000227                   0.000746   0.001471   0.001969   0.001322  -0.001743  -0.008342  -0.018539  -0.030325  -0.038911  -0.036805                  -0.014966   0.035069   0.118565   0.235235   0.377948   0.533017   0.682168   0.805791   0.886740   0.913723                   0.883496   0.801330   0.679700   0.535585   0.387093   0.250231   0.136521   0.051881  -0.003200  -0.032468  -0.042169
  0.000000   0.000000  -0.000000   0.000000   0.000000   0.000000   0.000000  -0.000000  -0.000000  -0.000000                   0.000000   0.000000   0.000001   0.000002   0.000001  -0.000007  -0.000027  -0.000059  -0.000073   0.000006                   0.000290   0.000856   0.001595   0.002021   0.001180  -0.002192  -0.009129  -0.019547  -0.031277  -0.039428                  -0.036528  -0.013699   0.037249   0.121284   0.237900   0.379900   0.533715   0.681346   0.803543   0.883496                   0.910147   0.880315   0.799153   0.678876   0.536139   0.388750   0.252515   0.138894   0.053883  -0.001862  -0.031881
  0.000000   0.000000  -0.000000  -0.000000   0.000000   0.000000   0.000000  -0.000000  -0.000000  -0.000000                  -0.000000   0.000000   0.000000   0.000001   0.000002   0.000000  -0.000010  -0.000034  -0.000067  -0.000073                   0.000031   0.000358   0.000969   0.001713   0.002058   0.001015  -0.002662  -0.009922  -0.020537  -0.032189                  -0.039894  -0.036209  -0.012418   0.039406   0.123949   0.240495   0.381788   0.534375   0.680524   0.801330                   0.880315   0.906643   0.877195   0.797009   0.678051   0.536661   0.390355   0.254743   0.141224   0.055863  -0.000522
  0.000000   0.000000  -0.000000  -0.000000   0.000000   0.000000   0.000000   0.000000  -0.000000  -0.000000                  -0.000000  -0.000000   0.000000   0.000001   0.000001   0.000002  -0.000001  -0.000014  -0.000042  -0.000075                  -0.000071   0.000062   0.000433   0.001084   0.001826   0.002079   0.000828  -0.003151  -0.010717  -0.021507                  -0.033060  -0.040311  -0.035851  -0.011125   0.041541   0.126562   0.243024   0.383614   0.534998   0.679700                   0.799153   0.877195   0.903209   0.874133   0.794898   0.677225   0.537151   0.391909   0.256917   0.143512   0.057821
  0.000000   0.000000  -0.000000  -0.000000  -0.000000   0.000000   0.000000   0.000000   0.000000  -0.000000                  -0.000000  -0.000000  -0.000000   0.000000   0.000001   0.000002   0.000002  -0.000002  -0.000019  -0.000050                  -0.000082  -0.000065   0.000097   0.000513   0.001200   0.001931   0.002083   0.000620  -0.003656  -0.011514                  -0.022458  -0.033892  -0.040683  -0.035458  -0.009822   0.043654   0.129124   0.245487   0.385382   0.535585                   0.678876   0.797009   0.874133   0.899841   0.871129   0.792819   0.676400   0.537612   0.393416   0.259039   0.145757
  0.000000   0.000000  -0.000000  -0.000000  -0.000000  -0.000000   0.000000   0.000000   0.000000   0.000000                  -0.000000  -0.000000  -0.000000  -0.000000   0.000000   0.000001   0.000002   0.000002  -0.000004  -0.000024                  -0.000058  -0.000089  -0.000057   0.000138   0.000597   0.001316   0.002029   0.002071   0.000392  -0.004175                  -0.012311  -0.023387  -0.034687  -0.041011  -0.035031  -0.008510   0.045744   0.131637   0.247889   0.387093                   0.536139   0.678051   0.794898   0.871129   0.896539   0.868180   0.790771   0.675574   0.538045   0.394875   0.261111
  0.000000   0.000000   0.000000  -0.000000  -0.000000  -0.000000   0.000000   0.000000   0.000000   0.000000                  -0.000000  -0.000000  -0.000000  -0.000000   0.000000   0.000000   0.000001   0.000003   0.000002  -0.000007                  -0.000030  -0.000067  -0.000094  -0.000045   0.000184   0.000686   0.001432   0.002118   0.002044   0.000145                  -0.004708  -0.013106  -0.024296  -0.035444  -0.041297  -0.034573  -0.007191   0.047812   0.134102   0.250231                   0.388750   0.536661   0.677225   0.792819   0.868180   0.893300   0.865284   0.788754   0.674749   0.538451   0.396290
  0.000000   0.000000   0.000000   0.000000  -0.000000  -0.000000  -0.000000   0.000000   0.000000   0.000000                   0.000000  -0.000000  -0.000000  -0.000000  -0.000000   0.000000   0.000001   0.000002   0.000003   0.000001                  -0.000010  -0.000037  -0.000076  -0.000097  -0.000029   0.000235   0.000778   0.001546   0.002198   0.002000                  -0.000120  -0.005253  -0.013898  -0.025184  -0.036166  -0.041544  -0.034086  -0.005865   0.049857   0.136521                   0.252515   0.390355   0.537151   0.676400   0.790771   0.865284   0.890122   0.862441   0.786765   0.673925   0.538830
  0.000000   0.000000   0.000000   0.000000  -0.000000  -0.000000  -0.000000  -0.000000   0.000000   0.000000                   0.000000   0.000000  -0.000000  -0.000000  -0.000000  -0.000000   0.000000   0.000001   0.000002   0.000003                  -0.000000  -0.000014  -0.000044  -0.000085  -0.000099  -0.000010   0.000290   0.000872   0.001658   0.002269                   0.001941  -0.000401  -0.005807  -0.014687  -0.026051  -0.036853  -0.041753  -0.033571  -0.004534   0.051881                   0.138894   0.254743   0.391909   0.537612   0.675574   0.788754   0.862441   0.887003   0.859647   0.784806   0.673101
  0.000000   0.000000   0.000000   0.000000   0.000000  -0.000000  -0.000000  -0.000000  -0.000000   0.000000                   0.000000   0.000000   0.000000  -0.000000  -0.000000  -0.000000  -0.000000   0.000000   0.000001   0.000003                   0.000003  -0.000002  -0.000018  -0.000052  -0.000093  -0.000099   0.000013   0.000349   0.000970   0.001768                   0.002331   0.001867  -0.000699  -0.006371  -0.015471  -0.026897  -0.037507  -0.041925  -0.033031  -0.003200                   0.053883   0.141224   0.256917   0.393416   0.538045   0.674749   0.786765   0.859647   0.883941   0.856903   0.782874
  0.000000   0.000000   0.000000   0.000000   0.000000   0.000000  -0.000000  -0.000000  -0.000000   0.000000                   0.000000   0.000000   0.000000  -0.000000  -0.000000  -0.000000  -0.000000  -0.000000   0.000000   0.000002                   0.000003   0.000003  -0.000003  -0.000024  -0.000061  -0.000101  -0.000097   0.000040   0.000413   0.001069                   0.001874   0.002383   0.001778  -0.001011  -0.006942  -0.016249  -0.027721  -0.038128  -0.042063  -0.032468                  -0.001862   0.055863   0.143512   0.259039   0.394875   0.538451   0.673925   0.784806   0.856903   0.880935   0.854205
  0.000000   0.000000  -0.000000   0.000000   0.000000   0.000000  -0.000000  -0.000000  -0.000000  -0.000000                   0.000000   0.000000   0.000000   0.000000  -0.000000  -0.000000  -0.000000  -0.000000   0.000000   0.000001                   0.000002   0.000004   0.000003  -0.000006  -0.000029  -0.000069  -0.000108  -0.000092   0.000070   0.000480                   0.001169   0.001977   0.002425   0.001675  -0.001337  -0.007520  -0.017020  -0.028524  -0.038717  -0.042169                  -0.031881  -0.000522   0.057821   0.145757   0.261111   0.396290   0.538830   0.673101   0.782874   0.854205   0.877982
