  1.000000   1.000000   1.000000   1.000000   1.000000   1.000000   0.000000   0.000000   0.000000   0.000000                   0.000000   0.000000   0.000000   0.000000   0.000000   0.000000   0.000000   0.000000   0.000000   0.000000                   0.000000   0.000000   0.000000   0.000000   0.000000   0.000000   0.000000   0.000000   0.000000   0.000000                   0.000000   0.000000   0.000000   0.000000   0.000000   0.000000   0.000000   0.000000   0.000000   0.000000                   0.000000   0.000000   0.000000   0.000000   0.000000   0.000000   0.000000   0.000000   0.000000   0.000000   0.000000
  1.000000   1.000000   1.000000   1.000000   1.000000   1.000000   0.000000   0.000000   0.000000   0.000000                   0.000000   0.000000   0.000000   0.000000   0.000000   0.000000   0.000000   0.000000   0.000000   0.000000                   0.000000   0.000000   0.000000   0.000000   0.000000   0.000000   0.000000   0.000000   0.000000   0.000000                   0.000000   0.000000   0.000000   0.000000   0.000000   0.000000   0.000000   0.000000   0.000000   0.000000                   0.000000   0.000000   0.000000   0.000000   0.000000   0.000000   0.000000   0.000000   0.000000   0.000000   0.000000
  1.000000   1.000000   0.996561   0.999520   1.029995   1.007266   0.500320   0.183676   0.044849  -0.002452                  -0.012167  -0.009619  -0.005007  -0.001616   0.000107   0.000643   0.000581   0.000337   0.000120  -0.000007                  -0.000052  -0.000050  -0.000031  -0.000012   0.000000   0.000005   0.000005   0.000003   0.000001   0.000000                  -0.000001  -0.000001  -0.000000  -0.000000  -0.000000   0.000000   0.000000   0.000000   0.000000   0.000000                  -0.000000  -0.000000  -0.000000  -0.000000  -0.000000   0.000000   0.000000   0.000000   0.000000   0.000000  -0.000000
  1.000000   1.000000   0.999520   1.003218   1.033398   1.033043   0.831176   0.504432   0.235014   0.075385                   0.003296  -0.018307  -0.017601  -0.010563  -0.004198  -0.000435   0.001047   0.001183   0.000788   0.000344                   0.000047  -0.000085  -0.000105  -0.000074  -0.000035  -0.000006   0.000008   0.000011   0.000008   0.000004                   0.000001  -0.000001  -0.000001  -0.000001  -0.000000  -0.000000   0.000000   0.000000   0.000000   0.000000                   0.000000  -0.000000  -0.000000  -0.000000  -0.000000  -0.000000   0.000000   0.000000   0.000000   0.000000   0.000000
  1.000000   1.000000   1.029995   1.033398   1.043178   1.053182   0.991753   0.783525   0.506122   0.261332                   0.097142   0.011370  -0.020273  -0.023302  -0.015756  -0.007314  -0.001602   0.001070   0.001667   0.001277                   0.000658   0.000175  -0.000078  -0.000151  -0.000124  -0.000068  -0.000021   0.000006   0.000015   0.000013                   0.000008   0.000003  -0.000001  -0.000002  -0.000002  -0.000001  -0.000000   0.000000   0.000000   0.000000                   0.000000   0.000000  -0.000000  -0.000000  -0.000000  -0.000000  -0.000000  -0.000000   0.000000   0.000000   0.000000
  1.000000   1.000000   1.007266   1.033043   1.053182   1.069715   1.063024   0.964340   0.759923   0.507391                   0.278098   0.113617   0.019620  -0.019992  -0.027221  -0.020321  -0.010608  -0.003212   0.000732   0.001979                   0.001750   0.001029   0.000372  -0.000025  -0.000176  -0.000174  -0.000110  -0.000044  -0.000001   0.000017                   0.000019   0.000013   0.000005   0.000000  -0.000002  -0.000002  -0.000002  -0.000001  -0.000000   0.000000                   0.000000   0.000000   0.000000   0.000000  -0.000000  -0.000000  -0.000000  -0.000000  -0.000000   0.000000   0.000000
  0.000000   0.000000   0.500320   0.831176   0.991753   1.063024   1.091995   1.064289   0.947357   0.746650                   0.509023   0.290267   0.126716   0.027395  -0.018526  -0.029848  -0.024224  -0.013865  -0.005099   0.000090                   0.002103   0.002165   0.001426   0.000623   0.000075  -0.000176  -0.000217  -0.000156  -0.000076  -0.000015                   0.000016   0.000023   0.000018   0.000009   0.000002  -0.000002  -0.000003  -0.000002  -0.000001  -0.000000                   0.000000   0.000000   0.000000   0.000000   0.000000  -0.000000  -0.000000  -0.000000  -0.000000  -0.000000   0.000000
  0.000000   0.000000   0.183676   0.504432   0.783525   0.964340   1.064289   1.100101   1.061324   0.935942                   0.738786   0.511165   0.299958   0.137591   0.034572  -0.016430  -0.031550  -0.027526  -0.016978  -0.007142                  -0.000791   0.002045   0.002499   0.001823   0.000913   0.000219  -0.000146  -0.000247  -0.000203  -0.000113                  -0.000035   0.000010   0.000026   0.000024   0.000014   0.000005  -0.000001  -0.000003  -0.000003  -0.000002                  -0.000001   0.000000   0.000000   0.000000   0.000000   0.000000   0.000000  -0.000000  -0.000000  -0.000000  -0.000000
  0.000000   0.000000   0.044849   0.235014   0.506122   0.759923   0.947357   1.061324   1.100384   1.056197                   0.927466   0.733924   0.513706   0.308188   0.146955   0.041199  -0.013993  -0.032581  -0.030308  -0.019900                  -0.009258  -0.001856   0.001820   0.002740   0.002202   0.001229   0.000401  -0.000086  -0.000262  -0.000247                  -0.000154  -0.000061   0.000000   0.000026   0.000028   0.000019   0.000009   0.000001  -0.000003  -0.000003                  -0.000002  -0.000001  -0.000000   0.000000   0.000000   0.000000   0.000000   0.000000  -0.000000  -0.000000  -0.000000
  0.000000   0.000000  -0.002452   0.075385   0.261332   0.507391   0.746650   0.935942   1.056197   1.096600                   1.049964   0.920615   0.730784   0.516493   0.315477   0.155257   0.047361  -0.011371  -0.033119  -0.032650                  -0.022615  -0.011391  -0.003058   0.001447   0.002885   0.002547   0.001557   0.000614   0.000004  -0.000259                  -0.000284  -0.000197  -0.000092  -0.000015   0.000024   0.000032   0.000025   0.000013   0.000003  -0.000002                  -0.000004  -0.000003  -0.000002  -0.000001   0.000000   0.000000   0.000000   0.000000   0.000000  -0.000000  -0.000000
  0.000000   0.000000  -0.012167   0.003296   0.097142   0.278098   0.509023   0.738786   0.927466   1.049964                   1.090709   1.043197   0.914725   0.728653   0.519391   0.322104   0.162781   0.053140  -0.008647  -0.033284                  -0.034622  -0.025125  -0.013506  -0.004358   0.000947   0.002935   0.002850   0.001887   0.000851   0.000120                  -0.000237  -0.000312  -0.000240  -0.000127  -0.000035   0.000018   0.000035   0.000030   0.000018   0.000006                  -0.000001  -0.000004  -0.000004  -0.000002  -0.000001   0.000000   0.000000   0.000000   0.000000   0.000000  -0.000000
  0.000000   0.000000  -0.009619  -0.018307   0.011370   0.113617   0.290267   0.511165   0.733924   0.920615                   1.043197   1.083748   1.036216   0.909440   0.727121   0.522305   0.328227   0.169712   0.058606  -0.005865                  -0.033159  -0.036279  -0.027439  -0.015579  -0.005728   0.000338   0.002893   0.003105   0.002209   0.001106                   0.000262  -0.000194  -0.000331  -0.000281  -0.000165  -0.000059   0.000008   0.000035   0.000035   0.000023                   0.000010   0.000001  -0.000004  -0.000004  -0.000003  -0.000002  -0.000000   0.000000   0.000001   0.000000   0.000000
  0.000000   0.000000  -0.005007  -0.017601  -0.020273   0.019620   0.126716   0.299958   0.513706   0.730784                   0.914725   1.036216   1.076284   1.029205   0.904565   0.725944   0.525168   0.333940   0.176173   0.063811                  -0.003051  -0.032804  -0.037667  -0.029570  -0.017597  -0.007144  -0.000362   0.002767   0.003308   0.002518                   0.001372   0.000425  -0.000132  -0.000337  -0.000317  -0.000204  -0.000086  -0.000005   0.000033   0.000039                   0.000028   0.000014   0.000003  -0.000003  -0.000005  -0.000004  -0.000002  -0.000001   0.000000   0.000001   0.000000
  0.000000   0.000000  -0.001616  -0.010563  -0.023302  -0.019992   0.027395   0.137591   0.308188   0.516493                   0.728653   0.909440   1.029205   1.068636   1.022270   0.899987   0.724976   0.527940   0.339306   0.182247                   0.068795  -0.000222  -0.032261  -0.038822  -0.031530  -0.019551  -0.008588  -0.001139   0.002562   0.003460                   0.002807   0.001644   0.000606  -0.000051  -0.000330  -0.000349  -0.000244  -0.000117  -0.000022   0.000028                   0.000041   0.000033   0.000019   0.000006  -0.000002  -0.000005  -0.000004  -0.000003  -0.000001   0.000000   0.000001
  0.000000   0.000000   0.000107  -0.004198  -0.015756  -0.027221  -0.018526   0.034572   0.146955   0.315477                   0.519391   0.727121   0.904565   1.022270   1.060986   1.015472   0.895637   0.724128   0.530593   0.344365                   0.187993   0.073589   0.002614  -0.031563  -0.039774  -0.033332  -0.021436  -0.010048  -0.001979   0.002286                   0.003559   0.003073   0.001918   0.000803   0.000047  -0.000310  -0.000373  -0.000282  -0.000150  -0.000042                   0.000021   0.000042   0.000038   0.000024   0.000009  -0.000000  -0.000005  -0.000005  -0.000003  -0.000002   0.000000
  0.000000   0.000000   0.000643  -0.000435  -0.007314  -0.020321  -0.029848  -0.016430   0.041199   0.155257                   0.322104   0.522305   0.725944   0.899987   1.015472   1.053440   1.008843   0.891470   0.723343   0.533116                   0.349148   0.193455   0.078216   0.005449  -0.030734  -0.040548  -0.034986  -0.023250  -0.011512  -0.002871                   0.001944   0.003607   0.003313   0.002189   0.001011   0.000161  -0.000277  -0.000390  -0.000319  -0.000185                  -0.000064   0.000011   0.000042   0.000042   0.000029   0.000013   0.000002  -0.000004  -0.000005  -0.000004  -0.000001
  0.000000   0.000000   0.000581   0.001047  -0.001602  -0.010608  -0.024224  -0.031550  -0.013993   0.047361                   0.162781   0.328227   0.525168   0.724976   0.895637   1.008843   1.046056   1.002401   0.887458   0.722588                   0.535501   0.353680   0.198663   0.082692   0.008280  -0.029792  -0.041162  -0.036504  -0.024991  -0.012972                  -0.003806   0.001544   0.003605   0.003525   0.002454   0.001227   0.000291  -0.000230  -0.000399  -0.000353                  -0.000220  -0.000090  -0.000001   0.000040   0.000046   0.000034   0.000017   0.000004  -0.000003  -0.000006  -0.000004
  0.000000   0.000000   0.000337   0.001183   0.001070  -0.003212  -0.013865  -0.027526  -0.032581  -0.011371                   0.053140   0.169712   0.333940   0.527940   0.724128   0.891470   1.002401   1.038866   0.996153   0.883581                   0.721841   0.537748   0.357980   0.203644   0.087032   0.011101  -0.028755  -0.041633  -0.037895  -0.026659                  -0.014421  -0.004776   0.001091   0.003556   0.003708   0.002710   0.001451   0.000433  -0.000171  -0.000399                  -0.000383  -0.000256  -0.000118  -0.000017   0.000035   0.000048   0.000038   0.000022   0.000007  -0.000002  -0.000006
  0.000000   0.000000   0.000120   0.000788   0.001667   0.000732  -0.005099  -0.016978  -0.030308  -0.033119                  -0.008647   0.058606   0.176173   0.339306   0.530593   0.723343   0.887458   0.996153   1.031887   0.990098                   0.879824   0.721090   0.539859   0.362066   0.208416   0.091246   0.013911  -0.027634  -0.041976  -0.039168                  -0.028255  -0.015854  -0.005773   0.000591   0.003462   0.003861   0.002956   0.001677   0.000586  -0.000100                  -0.000391  -0.000408  -0.000291  -0.000147  -0.000034   0.000029   0.000049   0.000043   0.000026   0.000010  -0.000003
  0.000000   0.000000  -0.000007   0.000344   0.001277   0.001979   0.000090  -0.007142  -0.019900  -0.032650                  -0.033284  -0.005865   0.063811   0.182247   0.344365   0.533116   0.722588   0.883581   0.990098   1.025124                   0.984235   0.876177   0.720326   0.541838   0.365951   0.212997   0.095343   0.016706  -0.026440  -0.042203                  -0.040330  -0.029780  -0.017267  -0.006791   0.000048   0.003324   0.003984   0.003188   0.001905   0.000749                  -0.000017  -0.000373  -0.000429  -0.000326  -0.000178  -0.000054   0.000021   0.000049   0.000047   0.000031   0.000008
  0.000000   0.000000  -0.000052   0.000047   0.000658   0.001750   0.002103  -0.000791  -0.009258  -0.022615                  -0.034622  -0.033159  -0.003051   0.068795   0.187993   0.349148   0.535501   0.721841   0.879824   0.984235                   1.018575   0.978556   0.872631   0.719545   0.543691   0.369649   0.217400   0.099328   0.019483  -0.025183                  -0.042324  -0.041388  -0.031236  -0.018657  -0.007825  -0.000532   0.003146   0.004077   0.003406   0.002133                   0.000920   0.000077  -0.000346  -0.000444  -0.000358  -0.000210  -0.000076   0.000010   0.000048   0.000050   0.000028
  0.000000   0.000000  -0.000050  -0.000085   0.000175   0.001029   0.002165   0.002045  -0.001856  -0.011391                  -0.025125  -0.036279  -0.032804  -0.000222   0.073589   0.193455   0.353680   0.537748   0.721090   0.876177                   0.978556   1.012238   0.973057   0.869179   0.718746   0.545424   0.373173   0.221636   0.103209   0.022241                  -0.023870  -0.042349  -0.042348  -0.032624  -0.020021  -0.008870  -0.001146   0.002930   0.004140   0.003608                   0.002359   0.001098   0.000181  -0.000309  -0.000453  -0.000388  -0.000242  -0.000099  -0.000001   0.000045   0.000049
  0.000000   0.000000  -0.000031  -0.000105  -0.000078   0.000372   0.001426   0.002499   0.001820  -0.003058                  -0.013506  -0.027439  -0.037667  -0.032261   0.002614   0.078216   0.198663   0.357980   0.539859   0.720326                   0.872631   0.973057   1.006105   0.967729   0.865815   0.717928   0.547043   0.376533   0.225716   0.106991                   0.024978  -0.022509  -0.042285  -0.043218  -0.033947  -0.021357  -0.009923  -0.001789   0.002679   0.004173                   0.003794   0.002580   0.001281   0.000294  -0.000264  -0.000457  -0.000416  -0.000274  -0.000125  -0.000015   0.000050
  0.000000   0.000000  -0.000012  -0.000074  -0.000151  -0.000025   0.000623   0.001823   0.002740   0.001447                  -0.004358  -0.015579  -0.029570  -0.038822  -0.031563   0.005449   0.082692   0.203644   0.362066   0.541838                   0.719545   0.869179   0.967729   1.000169   0.962564   0.862534   0.717091   0.548556   0.379739   0.229649                   0.110677   0.027691  -0.021105  -0.042141  -0.044001  -0.035204  -0.022664  -0.010980  -0.002458   0.002394                   0.004179   0.003962   0.002797   0.001468   0.000416  -0.000211  -0.000454  -0.000441  -0.000308  -0.000150   0.000001
  0.000000   0.000000   0.000000  -0.000035  -0.000124  -0.000176   0.000075   0.000913   0.002202   0.002885                   0.000947  -0.005728  -0.017597  -0.031530  -0.039774  -0.030734   0.008280   0.087032   0.208416   0.365951                   0.543691   0.718746   0.865815   0.962564   0.994421   0.957556   0.859333   0.716237   0.549967   0.382800                   0.233443   0.114271   0.030380  -0.019665  -0.041922  -0.044703  -0.036400  -0.023940  -0.012038  -0.003150                   0.002078   0.004156   0.004112   0.003007   0.001657   0.000545  -0.000149  -0.000445  -0.000467  -0.000336  -0.000120
  0.000000   0.000000   0.000005  -0.000006  -0.000068  -0.000174  -0.000176   0.000219   0.001229   0.002547                   0.002935   0.000338  -0.007144  -0.019551  -0.033332  -0.040548  -0.029792   0.011101   0.091246   0.212997                   0.369649   0.545424   0.717928   0.862534   0.957556   0.988853   0.952697   0.856206   0.715367   0.551284                   0.385725   0.237106   0.117778   0.033044  -0.018192  -0.041635  -0.045329  -0.037535  -0.025185  -0.013094                  -0.003861   0.001733   0.004106   0.004244   0.003210   0.001849   0.000681  -0.000080  -0.000437  -0.000479  -0.000301
  0.000000   0.000000   0.000005   0.000008  -0.000021  -0.000110  -0.000217  -0.000146   0.000401   0.001557                   0.002850   0.002893  -0.000362  -0.008588  -0.021436  -0.034986  -0.041162  -0.028755   0.013911   0.095343                   0.217400   0.373173   0.547043   0.717091   0.859333   0.952697   0.983457   0.947980   0.853151   0.714482                   0.552512   0.388522   0.240645   0.121200   0.035680  -0.016692  -0.041285  -0.045883  -0.038611  -0.026398                  -0.014146  -0.004589   0.001361   0.004031   0.004358   0.003405   0.002041   0.000821  -0.000009  -0.000411  -0.000465
  0.000000   0.000000   0.000003   0.000011   0.000006  -0.000044  -0.000156  -0.000247  -0.000086   0.000614                   0.001887   0.003105   0.002767  -0.001139  -0.010048  -0.023250  -0.036504  -0.041633  -0.027634   0.016706                   0.099328   0.221636   0.376533   0.548556   0.716237   0.856206   0.947980   0.978224   0.943397   0.850164                   0.713583   0.553656   0.391199   0.244065   0.124540   0.038288  -0.015168  -0.040877  -0.046368  -0.039631                  -0.027578  -0.015192  -0.005332   0.000965   0.003930   0.004454   0.003590   0.002232   0.000968   0.000072  -0.000461
  0.000000   0.000000   0.000001   0.000008   0.000015  -0.000001  -0.000076  -0.000203  -0.000262   0.000004                   0.000851   0.002209   0.003308   0.002562  -0.001979  -0.011512  -0.024991  -0.037895  -0.041976  -0.026440                   0.019483   0.103209   0.225716   0.379739   0.549967   0.715367   0.853151   0.943397   0.973146   0.938943                   0.847243   0.712673   0.554723   0.393761   0.247373   0.127801   0.040868  -0.013624  -0.040416  -0.046790                  -0.040596  -0.028725  -0.016230  -0.006087   0.000546   0.003805   0.004531   0.003769   0.002438   0.001105  -0.000094
  0.000000   0.000000   0.000000   0.000004   0.000013   0.000017  -0.000015  -0.000113  -0.000247  -0.000259                   0.000120   0.001106   0.002518   0.003460   0.002286  -0.002871  -0.012972  -0.026659  -0.039168  -0.042203                  -0.025183   0.022241   0.106991   0.229649   0.382800   0.551284   0.714482   0.850164   0.938943   0.968216                   0.934611   0.844384   0.711752   0.555716   0.396215   0.250574   0.130986   0.043418  -0.012063  -0.039905                  -0.047150  -0.041507  -0.029839  -0.017258  -0.006852   0.000104   0.003655   0.004596   0.003973   0.002596   0.000791
  0.000000   0.000000  -0.000001   0.000001   0.000008   0.000019   0.000016  -0.000035  -0.000154  -0.000284                  -0.000237   0.000262   0.001372   0.002807   0.003559   0.001944  -0.003806  -0.014421  -0.028255  -0.040330                  -0.042324  -0.023870   0.024978   0.110677   0.233443   0.385725   0.552512   0.713583   0.847243   0.934611                   0.963426   0.930396   0.841585   0.710823   0.556641   0.398567   0.253673   0.134097   0.045939  -0.010488                  -0.039350  -0.047453  -0.042367  -0.030920  -0.018276  -0.007627  -0.000360   0.003496   0.004697   0.004086   0.002173
  0.000000   0.000000  -0.000001  -0.000001   0.000003   0.000013   0.000023   0.000010  -0.000061  -0.000197                  -0.000312  -0.000194   0.000425   0.001644   0.003073   0.003607   0.001544  -0.004776  -0.015854  -0.029780                  -0.041388  -0.042349  -0.022509   0.027691   0.114271   0.237106   0.388522   0.553656   0.712673   0.844384                   0.930396   0.958770   0.926292   0.838844   0.709885   0.557501   0.400824   0.256675   0.137138   0.048429                  -0.008901  -0.038752  -0.047702  -0.043178  -0.031968  -0.019284  -0.008413  -0.000824   0.003373   0.004679   0.003711
  0.000000   0.000000  -0.000000  -0.000001  -0.000001   0.000005   0.000018   0.000026   0.000000  -0.000092                  -0.000240  -0.000331  -0.000132   0.000606   0.001918   0.003313   0.003605   0.001091  -0.005773  -0.017267                  -0.031236  -0.042348  -0.042285  -0.021105   0.030380   0.117778   0.240645   0.391199   0.554723   0.711752                   0.841585   0.926292   0.954242   0.922293   0.836158   0.708941   0.558301   0.402988   0.259584   0.140109                   0.050889  -0.007305  -0.038116  -0.047899  -0.043940  -0.032985  -0.020283  -0.009187  -0.001275   0.003147   0.004655
  0.000000   0.000000  -0.000000  -0.000001  -0.000002   0.000000   0.000009   0.000024   0.000026  -0.000015                  -0.000127  -0.000281  -0.000337  -0.000051   0.000803   0.002189   0.003525   0.003556   0.000591  -0.006791                  -0.018657  -0.032624  -0.043218  -0.042141  -0.019665   0.033044   0.121200   0.244065   0.393761   0.555716                   0.710823   0.838844   0.922293   0.949834   0.918395   0.833526   0.707992   0.559044   0.405067   0.262404                   0.143013   0.053318  -0.005703  -0.037445  -0.048047  -0.044658  -0.033971  -0.021266  -0.010009  -0.001736   0.003901
  0.000000   0.000000  -0.000000  -0.000000  -0.000002  -0.000002   0.000002   0.000014   0.000028   0.000024                  -0.000035  -0.000165  -0.000317  -0.000330   0.000047   0.001011   0.002454   0.003708   0.003462   0.000048                  -0.007825  -0.020021  -0.033947  -0.044001  -0.041922  -0.018192   0.035680   0.124540   0.247373   0.396215                   0.556641   0.709885   0.836158   0.918395   0.945542   0.914594   0.830945   0.707038   0.559734   0.407063                   0.265139   0.145852   0.055716  -0.004095  -0.036740  -0.048148  -0.045323  -0.034950  -0.022402  -0.010649   0.000238
  0.000000   0.000000   0.000000  -0.000000  -0.000001  -0.000002  -0.000002   0.000005   0.000019   0.000032                   0.000018  -0.000059  -0.000204  -0.000349  -0.000310   0.000161   0.001227   0.002710   0.003861   0.003324                  -0.000532  -0.008870  -0.021357  -0.035204  -0.044703  -0.041635  -0.016692   0.038288   0.127801   0.250574                   0.398567   0.557501   0.708941   0.833526   0.914594   0.941361   0.910885   0.828413   0.706081   0.560374                   0.408982   0.267792   0.148628   0.058083  -0.002484  -0.035999  -0.048184  -0.046014  -0.036226  -0.023075  -0.007196
  0.000000   0.000000   0.000000   0.000000  -0.000000  -0.000002  -0.000003  -0.000001   0.000009   0.000025                   0.000035   0.000008  -0.000086  -0.000244  -0.000373  -0.000277   0.000291   0.001451   0.002956   0.003984                   0.003146  -0.001146  -0.009923  -0.022664  -0.036400  -0.045329  -0.041285  -0.015168   0.040868   0.130986                   0.253673   0.400824   0.558301   0.707992   0.830945   0.910885   0.937285   0.907264   0.825929   0.705122                   0.560967   0.410826   0.270368   0.151343   0.060417  -0.000857  -0.035195  -0.048302  -0.047153  -0.036724  -0.018324
  0.000000   0.000000   0.000000   0.000000   0.000000  -0.000001  -0.000002  -0.000003   0.000001   0.000013                   0.000030   0.000035  -0.000005  -0.000117  -0.000282  -0.000390  -0.000230   0.000433   0.001677   0.003188                   0.004077   0.002930  -0.001789  -0.010980  -0.023940  -0.037535  -0.045883  -0.040877  -0.013624   0.043418                   0.134097   0.256675   0.402988   0.559044   0.707038   0.828413   0.907264   0.933309   0.903727   0.823491                   0.704161   0.561516   0.412601   0.272867   0.153996   0.062744   0.000817  -0.034534  -0.048963  -0.047263  -0.031560
  0.000000   0.000000   0.000000   0.000000   0.000000  -0.000000  -0.000001  -0.000003  -0.000003   0.000003                   0.000018   0.000035   0.000033  -0.000022  -0.000150  -0.000319  -0.000399  -0.000171   0.000586   0.001905                   0.003406   0.004140   0.002679  -0.002458  -0.012038  -0.025185  -0.038611  -0.046368  -0.040416  -0.012063                   0.045939   0.137138   0.259584   0.405067   0.559734   0.706081   0.825929   0.903727   0.929429   0.900271                   0.821097   0.703199   0.562024   0.414305   0.275291   0.156619   0.065090   0.002305  -0.034376  -0.048555  -0.043454
  0.000000   0.000000   0.000000   0.000000   0.000000   0.000000  -0.000000  -0.000002  -0.000003  -0.000002                   0.000006   0.000023   0.000039   0.000028  -0.000042  -0.000185  -0.000353  -0.000399  -0.000100   0.000749                   0.002133   0.003608   0.004173   0.002394  -0.003150  -0.013094  -0.026398  -0.039631  -0.046790  -0.039905                  -0.010488   0.048429   0.140109   0.262404   0.407063   0.560374   0.705122   0.823491   0.900271   0.925641                   0.896893   0.818747   0.702237   0.562488   0.415943   0.277673   0.159225   0.067260   0.003561  -0.033482  -0.048749
  0.000000   0.000000  -0.000000   0.000000   0.000000   0.000001   0.000001   0.000000  -0.000002  -0.000003                  -0.000000   0.000010   0.000028   0.000041   0.000021  -0.000065  -0.000220  -0.000383  -0.000391  -0.000017                   0.000920   0.002359   0.003794   0.004179   0.002078  -0.003861  -0.014146  -0.027578  -0.040596  -0.047150                  -0.039350  -0.008901   0.050889   0.143013   0.265139   0.408982   0.560967   0.704161   0.821097   0.896893                   0.921941   0.893589   0.816438   0.701272   0.562913   0.417533   0.279991   0.161757   0.069777   0.004694  -0.040963
  0.000000   0.000000  -0.000000  -0.000000  -0.000000  -0.000000  -0.000000  -0.000000  -0.000001  -0.000003                  -0.000003   0.000002   0.000015   0.000034   0.000043   0.000011  -0.000090  -0.000256  -0.000408  -0.000373                   0.000077   0.001098   0.002580   0.003962   0.004156   0.001733  -0.004589  -0.015192  -0.028725  -0.041507                  -0.047453  -0.038752  -0.007305   0.053318   0.145852   0.267792   0.410826   0.561516   0.703199   0.818747                   0.893589   0.918326   0.890356   0.814168   0.700308   0.563288   0.419000   0.282454   0.165555   0.070702  -0.013482
  0.000000   0.000000  -0.000000  -0.000001  -0.000003  -0.000005  -0.000007  -0.000007  -0.000007  -0.000007                  -0.000007  -0.000005   0.000003   0.000019   0.000039   0.000043  -0.000001  -0.000117  -0.000291  -0.000429                  -0.000346   0.000181   0.001281   0.002797   0.004112   0.004106   0.001361  -0.005332  -0.016230  -0.029839                  -0.042367  -0.047702  -0.038116  -0.005702   0.055716   0.148628   0.270368   0.412601   0.562023   0.702236                   0.816437   0.890355   0.914792   0.887196   0.811944   0.699291   0.563479   0.420971   0.287433   0.165720   0.039017
  0.000000   0.000000   0.000000   0.000000   0.000000  -0.000000  -0.000002  -0.000004  -0.000007  -0.000009                  -0.000010  -0.000010  -0.000007   0.000004   0.000023   0.000043   0.000040  -0.000016  -0.000147  -0.000325                  -0.000444  -0.000310   0.000294   0.001468   0.003007   0.004244   0.004031   0.000965  -0.006087  -0.017258                  -0.030920  -0.043178  -0.047899  -0.037445  -0.004094   0.058083   0.151343   0.272867   0.414305   0.562488                   0.701272   0.814167   0.887195   0.911357   0.884132   0.809667   0.698035   0.564661   0.426948   0.286316   0.119070
  0.000000   0.000000   0.000003   0.000017   0.000037   0.000055   0.000060   0.000052   0.000036   0.000018                   0.000003  -0.000006  -0.000011  -0.000008   0.000005   0.000027   0.000045   0.000036  -0.000034  -0.000177                  -0.000358  -0.000453  -0.000264   0.000416   0.001657   0.003210   0.004358   0.003930   0.000546  -0.006852                  -0.018276  -0.031968  -0.043941  -0.048048  -0.036741  -0.002484   0.060419   0.153999   0.275296   0.415948                   0.562919   0.700311   0.811940   0.884123   0.908015   0.880938   0.807005   0.698219   0.571269   0.424075   0.225144
  0.000000   0.000000   0.000004   0.000018   0.000041   0.000064   0.000081   0.000086   0.000080   0.000063                   0.000041   0.000020   0.000003  -0.000006  -0.000005   0.000008   0.000030   0.000046   0.000029  -0.000054                  -0.000209  -0.000388  -0.000457  -0.000211   0.000545   0.001849   0.003405   0.004454   0.003805   0.000105                  -0.007627  -0.019284  -0.032986  -0.044659  -0.048148  -0.035999  -0.000856   0.062747   0.156624   0.277681                   0.417542   0.563295   0.699290   0.809660   0.880953   0.904225   0.876947   0.805941   0.704793   0.566244   0.351098
  0.000000   0.000000  -0.000056  -0.000201  -0.000372  -0.000444  -0.000383  -0.000245  -0.000105  -0.000007                   0.000040   0.000048   0.000035   0.000016   0.000002   0.000001   0.000013   0.000034   0.000047   0.000020                  -0.000076  -0.000241  -0.000415  -0.000453  -0.000149   0.000681   0.002040   0.003590   0.004530   0.003655                  -0.000358  -0.008409  -0.020279  -0.033968  -0.045323  -0.048191  -0.035212   0.000788   0.065051   0.159184                   0.279960   0.418997   0.563524   0.698161   0.807281   0.877346   0.899718   0.875236   0.812547   0.698383   0.487244
  0.000000   0.000000  -0.000162  -0.000507  -0.000888  -0.001043  -0.000959  -0.000739  -0.000485  -0.000262                  -0.000101  -0.000008   0.000031   0.000034   0.000022   0.000010   0.000008   0.000020   0.000040   0.000046                   0.000009  -0.000100  -0.000274  -0.000440  -0.000445  -0.000081   0.000820   0.002231   0.003769   0.004598                   0.003500  -0.000816  -0.009178  -0.021258  -0.034950  -0.046031  -0.048342  -0.034603   0.002212   0.067158                   0.161676   0.282437   0.421070   0.564949   0.698820   0.806847   0.875801   0.900774   0.884513   0.807943   0.621685
  0.000000   0.000000   0.000689   0.001900   0.002845   0.002608   0.001583   0.000544  -0.000098  -0.000331                  -0.000312  -0.000197  -0.000085  -0.000013   0.000018   0.000021   0.000016   0.000017   0.000029   0.000046                   0.000046  -0.000004  -0.000126  -0.000308  -0.000465  -0.000434  -0.000006   0.000970   0.002436   0.003964                   0.004680   0.003350  -0.001298  -0.010017  -0.022376  -0.036145  -0.047004  -0.048748  -0.034127   0.003777                   0.069858   0.165369   0.286832   0.425819   0.569608   0.702529   0.808964   0.879467   0.911018   0.880157   0.737086
  0.000000   0.000000   0.003596   0.008535   0.011999   0.010380   0.006778   0.003561   0.001432   0.000291                  -0.000180  -0.000276  -0.000213  -0.000115  -0.000039   0.000001   0.000014   0.000016   0.000021   0.000035                   0.000049   0.000042  -0.000018  -0.000149  -0.000331  -0.000470  -0.000400   0.000078   0.001094   0.002558                   0.004014   0.004581   0.003055  -0.001763  -0.010529  -0.022722  -0.036083  -0.046352  -0.047507  -0.032579                   0.005020   0.069894   0.163161   0.281457   0.416604   0.555967   0.684648   0.790895   0.867024   0.888917   0.813402
  0.000000   0.000000  -0.005755  -0.011837  -0.014097  -0.008455  -0.002175   0.001169   0.001918   0.001442                   0.000731   0.000210  -0.000052  -0.000127  -0.000107  -0.000062  -0.000025  -0.000004   0.000007   0.000018                   0.000036   0.000053   0.000050  -0.000003  -0.000129  -0.000313  -0.000476  -0.000461  -0.000070   0.000851                   0.002269   0.003820   0.004728   0.003857  -0.000016  -0.007736  -0.019167  -0.032615  -0.044486  -0.049363                  -0.040630  -0.011603   0.043002   0.125608   0.234514   0.363096   0.500515   0.635102   0.755724   0.842917   0.870495
