  1.000000   1.000000   1.000000   1.000000   1.000000   1.000000   0.000000   0.000000   0.000000   0.000000                   0.000000   0.000000   0.000000   0.000000   0.000000   0.000000   0.000000   0.000000   0.000000   0.000000                   0.000000   0.000000   0.000000   0.000000   0.000000   0.000000   0.000000   0.000000   0.000000   0.000000                   0.000000   0.000000   0.000000   0.000000   0.000000   0.000000   0.000000   0.000000   0.000000   0.000000                   0.000000   0.000000   0.000000   0.000000   0.000000   0.000000   0.000000   0.000000   0.000000   0.000000   0.000000
  1.000000   1.000000   1.000000   1.000000   1.000000   1.000000   0.000000   0.000000   0.000000   0.000000                   0.000000   0.000000   0.000000   0.000000   0.000000   0.000000   0.000000   0.000000   0.000000   0.000000                   0.000000   0.000000   0.000000   0.000000   0.000000   0.000000   0.000000   0.000000   0.000000   0.000000                   0.000000   0.000000   0.000000   0.000000   0.000000   0.000000   0.000000   0.000000   0.000000   0.000000                   0.000000   0.000000   0.000000   0.000000   0.000000   0.000000   0.000000   0.000000   0.000000   0.000000   0.000000
  1.000000   1.000000   0.998297   1.001703   0.959465   1.114793   0.568474   0.180918   0.014597  -0.021692                  -0.012744  -0.001266   0.002465   0.001540   0.000085  -0.000410  -0.000242  -0.000000   0.000078   0.000043                  -0.000003  -0.000016  -0.000008   0.000001   0.000003   0.000002  -0.000000  -0.000001  -0.000000   0.000000                   0.000000   0.000000  -0.000000  -0.000000  -0.000000   0.000000   0.000000   0.000000  -0.000000  -0.000000                  -0.000000   0.000000   0.000000   0.000000  -0.000000  -0.000000  -0.000000   0.000000   0.000000   0.000000  -0.000000
  1.000000   1.000000   1.001703   1.033156   0.970817   1.106790   0.963497   0.578409   0.225149   0.029882                  -0.028727  -0.022438  -0.005178   0.003009   0.003012   0.000746  -0.000501  -0.000505  -0.000118   0.000099                   0.000095   0.000020  -0.000021  -0.000019  -0.000003   0.000005   0.000004   0.000001  -0.000001  -0.000001                  -0.000000   0.000000   0.000000   0.000000  -0.000000  -0.000000  -0.000000   0.000000   0.000000  -0.000000                  -0.000000  -0.000000   0.000000   0.000000   0.000000  -0.000000  -0.000000  -0.000000   0.000000   0.000000   0.000000
  1.000000   1.000000   0.959465   0.970817   0.933790   1.011628   1.079942   0.919405   0.582336   0.250892                   0.044831  -0.029891  -0.029680  -0.010038   0.002175   0.004080   0.001679  -0.000290  -0.000692  -0.000301                   0.000056   0.000132   0.000057  -0.000013  -0.000027  -0.000011   0.000003   0.000006   0.000002  -0.000001                  -0.000001  -0.000000   0.000000   0.000000   0.000000  -0.000000  -0.000000  -0.000000   0.000000   0.000000                   0.000000  -0.000000  -0.000000  -0.000000   0.000000   0.000000   0.000000  -0.000000  -0.000000  -0.000000   0.000000
  1.000000   1.000000   1.114793   1.106790   1.011628   0.962954   1.028582   1.050824   0.890216   0.582656                   0.268750   0.058503  -0.028195  -0.034880  -0.014959   0.000458   0.004638   0.002652   0.000146  -0.000755                  -0.000492  -0.000040   0.000142   0.000097   0.000008  -0.000029  -0.000020  -0.000001   0.000006   0.000004                   0.000000  -0.000001  -0.000001  -0.000000   0.000000   0.000000  -0.000000  -0.000000  -0.000000   0.000000                   0.000000   0.000000  -0.000000  -0.000000  -0.000000   0.000000   0.000000   0.000000  -0.000000  -0.000000  -0.000000
  0.000000   0.000000   0.568474   0.963497   1.079942   1.028582   1.000393   1.039651   1.029709   0.868286                   0.580968   0.281788   0.070667  -0.024997  -0.038458  -0.019560  -0.001787   0.004709   0.003532   0.000723                  -0.000687  -0.000656  -0.000170   0.000118   0.000129   0.000037  -0.000023  -0.000027  -0.000008   0.000005                   0.000006   0.000002  -0.000001  -0.000001  -0.000000   0.000000   0.000000   0.000000  -0.000000  -0.000000                  -0.000000   0.000000   0.000000   0.000000  -0.000000  -0.000000  -0.000000   0.000000   0.000000   0.000000  -0.000000
  0.000000   0.000000   0.180918   0.578409   0.919405   1.050824   1.039651   1.027835   1.047742   1.014462                   0.851182   0.578392   0.291615   0.081373  -0.021035  -0.040786  -0.023695  -0.004314   0.004366   0.004251                   0.001372  -0.000501  -0.000769  -0.000314   0.000065   0.000148   0.000068  -0.000010  -0.000030  -0.000015                   0.000002   0.000006   0.000003  -0.000000  -0.000001  -0.000001   0.000000   0.000000   0.000000  -0.000000                  -0.000000  -0.000000   0.000000   0.000000   0.000000  -0.000000  -0.000000  -0.000000   0.000000   0.000000   0.000000
  0.000000   0.000000   0.014597   0.225149   0.582336   0.890216   1.029709   1.047742   1.047699   1.053797                   1.003084   0.837540   0.575540   0.299228   0.090774  -0.016733  -0.042167  -0.027328  -0.006958   0.003690                   0.004782   0.002038  -0.000218  -0.000820  -0.000456  -0.000011   0.000150   0.000098   0.000009  -0.000029                  -0.000021  -0.000003   0.000006   0.000005   0.000001  -0.000001  -0.000001  -0.000000   0.000000   0.000000                   0.000000  -0.000000  -0.000000  -0.000000   0.000000   0.000000   0.000000  -0.000000  -0.000000  -0.000000   0.000000
  0.000000   0.000000  -0.021692   0.029882   0.250892   0.582656   0.868286   1.014462   1.053797   1.062353                   1.058353   0.994297   0.826471   0.572721   0.305273   0.099047  -0.012333  -0.042834  -0.030474  -0.009609                   0.002758   0.005122   0.002681   0.000136  -0.000809  -0.000583  -0.000105   0.000134   0.000123   0.000031                  -0.000024  -0.000026  -0.000008   0.000004   0.000006   0.000002  -0.000001  -0.000001  -0.000000   0.000000                   0.000000   0.000000  -0.000000  -0.000000  -0.000000   0.000000   0.000000   0.000000  -0.000000  -0.000000  -0.000000
  0.000000   0.000000  -0.012744  -0.028727   0.044831   0.268750   0.580968   0.851182   1.003084   1.058353                   1.073359   1.061769   0.987300   0.817361   0.570082   0.310188   0.106363  -0.007977  -0.042969  -0.033173                  -0.012201   0.001636   0.005279   0.003276   0.000540  -0.000737  -0.000688  -0.000208   0.000101   0.000139                   0.000055  -0.000014  -0.000029  -0.000013   0.000002   0.000006   0.000003  -0.000000  -0.000001  -0.000001                   0.000000   0.000000   0.000000  -0.000000  -0.000000  -0.000000   0.000000   0.000000   0.000000  -0.000000  -0.000000
  0.000000   0.000000  -0.001266  -0.022438  -0.029891   0.058503   0.281788   0.578392   0.837540   0.994297                   1.061769   1.081728   1.064302   0.981579   0.809769   0.567687   0.314273   0.112871  -0.003743  -0.042706                  -0.035474  -0.014690   0.000378   0.005272   0.003807   0.000974  -0.000612  -0.000764  -0.000315   0.000053                   0.000147   0.000079  -0.000000  -0.000029  -0.000018  -0.000002   0.000006   0.000004   0.000001  -0.000001                  -0.000001  -0.000000   0.000000   0.000000   0.000000  -0.000000  -0.000000  -0.000000   0.000000   0.000000   0.000000
  0.000000   0.000000   0.002465  -0.005178  -0.029680  -0.028195   0.070667   0.291615   0.575540   0.826471                   0.987300   1.064302   1.088135   1.066136   0.976793   0.803374   0.565556   0.317741   0.118697   0.000328                  -0.042150  -0.037425  -0.017055  -0.000973   0.005118   0.004263   0.001420  -0.000439  -0.000810  -0.000418                  -0.000006   0.000144   0.000100   0.000016  -0.000026  -0.000023  -0.000006   0.000005   0.000005   0.000002                  -0.000001  -0.000001  -0.000000   0.000000   0.000000   0.000000  -0.000000  -0.000000  -0.000000   0.000000   0.000000
  0.000000   0.000000   0.001540   0.003009  -0.010038  -0.034880  -0.024997   0.081373   0.299228   0.572721                   0.817361   0.981579   1.066136   1.093047   1.067411   0.972708   0.797939   0.563685   0.320742   0.123949                   0.004219  -0.041376  -0.039072  -0.019283  -0.002381   0.004837   0.004641   0.001867  -0.000228  -0.000824                  -0.000514  -0.000074   0.000131   0.000117   0.000033  -0.000020  -0.000025  -0.000010   0.000003   0.000005                   0.000003  -0.000000  -0.000001  -0.000001   0.000000   0.000000   0.000000  -0.000000  -0.000000  -0.000000  -0.000000
  0.000000   0.000000   0.000085   0.003012   0.002175  -0.014959  -0.038458  -0.021035   0.090774   0.305273                   0.570082   0.809769   0.976793   1.067411   1.096795   1.068232   0.969160   0.793279   0.562061   0.323388                   0.128715   0.007923  -0.040445  -0.040455  -0.021371  -0.003821   0.004447   0.004942   0.002303   0.000015                  -0.000806  -0.000600  -0.000147   0.000109   0.000130   0.000051  -0.000012  -0.000027  -0.000014   0.000001                   0.000005   0.000003   0.000000  -0.000001  -0.000001  -0.000000   0.000000   0.000000   0.000000  -0.000000  -0.000000
  0.000000   0.000000  -0.000410   0.000746   0.004080   0.000458  -0.019560  -0.040786  -0.016733   0.099047                   0.310188   0.567687   0.803374   0.972708   1.068232   1.099624   1.068681   0.966030   0.789255   0.560663                   0.325759   0.133068   0.011445  -0.039399  -0.041612  -0.023322  -0.005272   0.003967   0.005166   0.002721                   0.000281  -0.000759  -0.000672  -0.000224   0.000079   0.000137   0.000069  -0.000002  -0.000026  -0.000017                  -0.000002   0.000005   0.000004   0.000001  -0.000001  -0.000001  -0.000000   0.000000   0.000000   0.000000  -0.000000
  0.000000   0.000000  -0.000242  -0.000501   0.001679   0.004638  -0.001787  -0.023695  -0.042167  -0.012333                   0.106363   0.314273   0.565556   0.797939   0.969160   1.068681   1.101713   1.068824   0.963230   0.785756                   0.559471   0.327915   0.137069   0.014790  -0.038273  -0.042574  -0.025139  -0.006719   0.003410   0.005318                   0.003115   0.000564  -0.000685  -0.000729  -0.000301   0.000041   0.000139   0.000086   0.000010  -0.000024                  -0.000021  -0.000005   0.000004   0.000005   0.000002  -0.000001  -0.000001  -0.000000   0.000000   0.000000   0.000000
  0.000000   0.000000  -0.000000  -0.000505  -0.000290   0.002652   0.004709  -0.004314  -0.027328  -0.042834                  -0.007977   0.112871   0.317741   0.563685   0.793279   0.966030   1.068824   1.103202   1.068710   0.960695                   0.782695   0.558466   0.329903   0.140768   0.017971  -0.037092  -0.043367  -0.026830  -0.008151   0.002791                   0.005401   0.003481   0.000859  -0.000586  -0.000770  -0.000377  -0.000004   0.000135   0.000100   0.000023                  -0.000020  -0.000023  -0.000009   0.000002   0.000005   0.000002  -0.000000  -0.000001  -0.000001  -0.000000   0.000000
  0.000000   0.000000   0.000078  -0.000118  -0.000692   0.000146   0.003532   0.004366  -0.006958  -0.030474                  -0.042969  -0.003743   0.118697   0.320742   0.562061   0.789255   0.963230   1.068710   1.104198   1.068383                   0.958374   0.780002   0.557627   0.331757   0.144207   0.020997  -0.035875  -0.044017  -0.028401  -0.009559                   0.002122   0.005422   0.003816   0.001159  -0.000465  -0.000795  -0.000449  -0.000053   0.000125   0.000113                   0.000037  -0.000015  -0.000024  -0.000012   0.000001   0.000005   0.000003   0.000000  -0.000001  -0.000001  -0.000000
  0.000000   0.000000   0.000043   0.000099  -0.000301  -0.000755   0.000723   0.004251   0.003690  -0.009609                  -0.033173  -0.042706   0.000328   0.123949   0.323388   0.560663   0.785756   0.960695   1.068383   1.104787                   1.067875   0.956231   0.777619   0.556937   0.333502   0.147421   0.023879  -0.034636  -0.044541  -0.029862                  -0.010936   0.001411   0.005384   0.004119   0.001462  -0.000325  -0.000804  -0.000517  -0.000105   0.000110                   0.000122   0.000050  -0.000008  -0.000025  -0.000015  -0.000001   0.000004   0.000004   0.000001  -0.000001  -0.000001
  0.000000   0.000000  -0.000003   0.000095   0.000056  -0.000492  -0.000687   0.001372   0.004782   0.002758                  -0.012201  -0.035474  -0.042150   0.004219   0.128715   0.325759   0.559471   0.782695   0.958374   1.067875                   1.105036   1.067215   0.954233   0.775501   0.556379   0.335161   0.150441   0.026630  -0.033387  -0.044958                  -0.031218  -0.012280   0.000668   0.005294   0.004389   0.001763  -0.000169  -0.000797  -0.000578  -0.000161                   0.000089   0.000128   0.000064  -0.000000  -0.000024  -0.000017  -0.000004   0.000004   0.000004   0.000001  -0.000000
  0.000000   0.000000  -0.000016   0.000020   0.000132  -0.000040  -0.000656  -0.000501   0.002038   0.005122                   0.001636  -0.014690  -0.037425  -0.041376   0.007923   0.133068   0.327915   0.558466   0.780002   0.956231                   1.067215   1.104999   1.066425   0.952358   0.773610   0.555939   0.336748   0.153290   0.029258  -0.032134                  -0.045283  -0.032479  -0.013587  -0.000099   0.005155   0.004625   0.002059   0.000001  -0.000774  -0.000632                  -0.000217   0.000064   0.000131   0.000077   0.000009  -0.000022  -0.000020  -0.000006   0.000003   0.000004   0.000002
  0.000000   0.000000  -0.000008  -0.000021   0.000057   0.000142  -0.000170  -0.000769  -0.000218   0.002681                   0.005279   0.000378  -0.017055  -0.039072  -0.040445   0.011445   0.137069   0.329903   0.557627   0.777619                   0.954233   1.066425   1.104723   1.065526   0.950585   0.771912   0.555603   0.338277   0.155989   0.031775                  -0.030885  -0.045527  -0.033652  -0.014857  -0.000884   0.004974   0.004830   0.002347   0.000182  -0.000736                  -0.000678  -0.000274   0.000035   0.000131   0.000088   0.000019  -0.000019  -0.000021  -0.000009   0.000002   0.000004
  0.000000   0.000000   0.000001  -0.000019  -0.000013   0.000097   0.000118  -0.000314  -0.000820   0.000136                   0.003276   0.005272  -0.000973  -0.019283  -0.040455  -0.039399   0.014790   0.140768   0.331757   0.556937                   0.775501   0.952358   1.065526   1.104242   1.064532   0.948901   0.770382   0.555360   0.339756   0.158557                   0.034189  -0.029644  -0.045701  -0.034743  -0.016087  -0.001683   0.004753   0.005002   0.002627   0.000372                  -0.000685  -0.000716  -0.000330   0.000003   0.000127   0.000099   0.000029  -0.000015  -0.000022  -0.000011   0.000000
  0.000000   0.000000   0.000003  -0.000003  -0.000027   0.000008   0.000129   0.000065  -0.000456  -0.000809                   0.000540   0.003807   0.005118  -0.002381  -0.021371  -0.041612  -0.038273   0.017971   0.144207   0.333502                   0.556379   0.773610   0.950585   1.064532   1.103588   1.063458   0.947292   0.768998   0.555199   0.341194                   0.161009   0.036509  -0.028414  -0.045814  -0.035758  -0.017277  -0.002491   0.004498   0.005143   0.002896                   0.000569  -0.000621  -0.000746  -0.000385  -0.000033   0.000120   0.000108   0.000039  -0.000010  -0.000023  -0.000011
  0.000000   0.000000   0.000002   0.000005  -0.000011  -0.000029   0.000037   0.000148  -0.000011  -0.000583                  -0.000737   0.000974   0.004263   0.004837  -0.003821  -0.023322  -0.042574  -0.037092   0.020997   0.147421                   0.335161   0.555939   0.771912   0.948901   1.063458   1.102786   1.062315   0.945747   0.767740   0.555111                   0.342596   0.163356   0.038743  -0.027197  -0.045874  -0.036705  -0.018429  -0.003304   0.004212   0.005255                   0.003152   0.000771  -0.000546  -0.000766  -0.000438  -0.000071   0.000109   0.000115   0.000050  -0.000006  -0.000019
  0.000000   0.000000  -0.000000   0.000004   0.000003  -0.000020  -0.000023   0.000068   0.000150  -0.000105                  -0.000688  -0.000612   0.001420   0.004641   0.004447  -0.005272  -0.025139  -0.043367  -0.035875   0.023879                   0.150441   0.336748   0.555603   0.770382   0.947292   1.062315   1.101857   1.061113   0.944259   0.766593                   0.555088   0.343968   0.165612   0.040897  -0.025994  -0.045888  -0.037587  -0.019543  -0.004119   0.003898                   0.005339   0.003396   0.000977  -0.000459  -0.000779  -0.000488  -0.000111   0.000095   0.000121   0.000059   0.000000
  0.000000   0.000000  -0.000001   0.000001   0.000006  -0.000001  -0.000027  -0.000010   0.000098   0.000134                  -0.000208  -0.000764  -0.000439   0.001867   0.004942   0.003967  -0.006719  -0.026830  -0.044017  -0.034636                   0.026630   0.153290   0.338277   0.555360   0.768998   0.945747   1.061113   1.100820   1.059862   0.942820                   0.765543   0.555121   0.345313   0.167784   0.042978  -0.024807  -0.045861  -0.038411  -0.020620  -0.004933                   0.003559   0.005395   0.003627   0.001184  -0.000363  -0.000782  -0.000534  -0.000152   0.000079   0.000126   0.000056
  0.000000   0.000000  -0.000000  -0.000001   0.000002   0.000006  -0.000008  -0.000030   0.000009   0.000123                   0.000101  -0.000315  -0.000810  -0.000228   0.002303   0.005166   0.003410  -0.008151  -0.028401  -0.044541                  -0.033387   0.029258   0.155989   0.339756   0.555199   0.767740   0.944259   1.059862   1.099690   1.058567                   0.941425   0.764578   0.555205   0.346634   0.169882   0.044992  -0.023636  -0.045799  -0.039180  -0.021660                  -0.005744   0.003199   0.005427   0.003843   0.001392  -0.000259  -0.000777  -0.000577  -0.000195   0.000067   0.000105
  0.000000   0.000000   0.000000  -0.000001  -0.000001   0.000004   0.000005  -0.000015  -0.000029   0.000031                   0.000139   0.000053  -0.000418  -0.000824   0.000015   0.002721   0.005318   0.002791  -0.009559  -0.029862                  -0.044958  -0.032134   0.031775   0.158557   0.341194   0.555111   0.766593   0.942820   1.058567   1.098480                   1.057236   0.940069   0.763688   0.555334   0.347934   0.171913   0.046944  -0.022481  -0.045705  -0.039899                  -0.022665  -0.006551   0.002820   0.005434   0.004045   0.001599  -0.000147  -0.000763  -0.000620  -0.000229   0.000039
  0.000000   0.000000   0.000000  -0.000000  -0.000001   0.000000   0.000006   0.000002  -0.000021  -0.000024                   0.000055   0.000147  -0.000006  -0.000514  -0.000806   0.000281   0.003115   0.005401   0.002122  -0.010936                  -0.031218  -0.045283  -0.030885   0.034189   0.161009   0.342596   0.555088   0.765543   0.941425   1.057236                   1.097202   1.055875   0.938746   0.762864   0.555503   0.349215   0.173882   0.048839  -0.021343  -0.045583                  -0.040572  -0.023636  -0.007352   0.002425   0.005418   0.004233   0.001804  -0.000026  -0.000745  -0.000658  -0.000221
  0.000000   0.000000   0.000000   0.000000  -0.000000  -0.000001   0.000002   0.000006  -0.000003  -0.000026                  -0.000014   0.000079   0.000144  -0.000074  -0.000600  -0.000759   0.000564   0.003481   0.005422   0.001411                  -0.012280  -0.032479  -0.045527  -0.029644   0.036509   0.163356   0.343968   0.555121   0.764578   0.940069                   1.055875   1.095864   1.054487   0.937455   0.762099   0.555706   0.350478   0.175796   0.050681  -0.020221                  -0.045436  -0.041201  -0.024575  -0.008147   0.002014   0.005381   0.004405   0.002007   0.000104  -0.000748  -0.000569
  0.000000   0.000000  -0.000000   0.000000   0.000000  -0.000001  -0.000001   0.000003   0.000006  -0.000008                  -0.000029  -0.000000   0.000100   0.000131  -0.000147  -0.000672  -0.000685   0.000859   0.003816   0.005384                   0.000668  -0.013587  -0.033652  -0.045701  -0.028414   0.038743   0.165612   0.345313   0.555205   0.763688                   0.938746   1.054487   1.094476   1.053077   0.936191   0.761385   0.555940   0.351725   0.177659   0.052474                  -0.019114  -0.045267  -0.041791  -0.025482  -0.008933   0.001591   0.005324   0.004561   0.002225   0.000178  -0.000602
  0.000000   0.000000  -0.000000   0.000000   0.000000  -0.000000  -0.000001  -0.000000   0.000005   0.000004                  -0.000013  -0.000029   0.000016   0.000117   0.000109  -0.000224  -0.000729  -0.000586   0.001159   0.004119                   0.005294  -0.000099  -0.014857  -0.034743  -0.045814  -0.027197   0.040897   0.167784   0.346634   0.555334                   0.762864   0.937455   1.053077   1.093045   1.051648   0.934952   0.760718   0.556201   0.352956   0.179474                   0.054221  -0.018023  -0.045079  -0.042343  -0.026359  -0.009711   0.001159   0.005239   0.004729   0.002391   0.000227
  0.000000   0.000000  -0.000000  -0.000000   0.000000   0.000000  -0.000000  -0.000001   0.000001   0.000006                   0.000002  -0.000018  -0.000026   0.000033   0.000130   0.000079  -0.000301  -0.000770  -0.000465   0.001462                   0.004389   0.005155  -0.000884  -0.016087  -0.035758  -0.045874  -0.025994   0.042978   0.169882   0.347934                   0.555503   0.762099   0.936191   1.051648   1.091577   1.050205   0.933737   0.760092   0.556486   0.354173                   0.181247   0.055927  -0.016947  -0.044873  -0.042861  -0.027208  -0.010475   0.000707   0.005147   0.004943   0.002108
  0.000000   0.000000   0.000000  -0.000000  -0.000000   0.000000   0.000000  -0.000001  -0.000001   0.000002                   0.000006  -0.000002  -0.000023  -0.000020   0.000051   0.000137   0.000041  -0.000377  -0.000795  -0.000325                   0.001763   0.004625   0.004974  -0.001683  -0.017277  -0.036705  -0.045888  -0.024807   0.044992   0.171913                   0.349215   0.555706   0.761385   0.934952   1.050205   1.090078   1.048750   0.932542   0.759502   0.556791                   0.355377   0.182980   0.057593  -0.015885  -0.044650  -0.043349  -0.028027  -0.011227   0.000195   0.005299   0.004225
  0.000000   0.000000   0.000000  -0.000000  -0.000000  -0.000000   0.000000   0.000000  -0.000001  -0.000001                   0.000003   0.000006  -0.000006  -0.000025  -0.000012   0.000069   0.000139  -0.000004  -0.000449  -0.000804                  -0.000169   0.002059   0.004830   0.004753  -0.002491  -0.018429  -0.037587  -0.045861  -0.023636   0.046944                   0.173882   0.350478   0.555940   0.760718   0.933737   1.048750   1.088553   1.047284   0.931366   0.758946                   0.557115   0.356567   0.184675   0.059223  -0.014836  -0.044414  -0.043811  -0.028784  -0.012111   0.000113   0.004467
  0.000000   0.000000   0.000000   0.000000  -0.000000  -0.000000   0.000000   0.000000  -0.000000  -0.000001                  -0.000000   0.000004   0.000005  -0.000010  -0.000027  -0.000002   0.000086   0.000135  -0.000053  -0.000517                  -0.000797   0.000001   0.002347   0.005002   0.004498  -0.003304  -0.019543  -0.038411  -0.045799  -0.022481                   0.048839   0.175796   0.351725   0.556201   0.760092   0.932542   1.047284   1.087005   1.045811   0.930208                   0.758418   0.557454   0.357744   0.186336   0.060818  -0.013797  -0.044186  -0.044173  -0.029711  -0.012639   0.000055
  0.000000   0.000000  -0.000000   0.000000   0.000000  -0.000000  -0.000000   0.000000   0.000000  -0.000000                  -0.000001   0.000001   0.000005   0.000003  -0.000014  -0.000026   0.000010   0.000100   0.000125  -0.000105                  -0.000578  -0.000774   0.000182   0.002627   0.005143   0.004212  -0.004119  -0.020620  -0.039180  -0.045705                  -0.021343   0.050681   0.177659   0.352956   0.556486   0.759502   0.931366   1.045811   1.085438   1.044333                   0.929067   0.757917   0.557807   0.358909   0.187962   0.062393  -0.012805  -0.043864  -0.044604  -0.030881  -0.010740
  0.000000   0.000000  -0.000000  -0.000000   0.000000   0.000000  -0.000000  -0.000000   0.000000   0.000000                  -0.000001  -0.000001   0.000002   0.000005   0.000001  -0.000017  -0.000024   0.000023   0.000113   0.000110                  -0.000161  -0.000632  -0.000736   0.000372   0.002896   0.005255   0.003898  -0.004933  -0.021660  -0.039899                  -0.045583  -0.020221   0.052474   0.179474   0.354173   0.556791   0.758946   0.930208   1.044333   1.083857                   1.042851   0.927941   0.757440   0.558173   0.360057   0.189574   0.063907  -0.011818  -0.043281  -0.046483  -0.026329
  0.000000   0.000000  -0.000000  -0.000000   0.000000   0.000000  -0.000000  -0.000000   0.000000   0.000000                   0.000000  -0.000001  -0.000001   0.000003   0.000005  -0.000002  -0.000021  -0.000020   0.000037   0.000122                   0.000089  -0.000217  -0.000678  -0.000685   0.000569   0.003152   0.005339   0.003559  -0.005744  -0.022665                  -0.040572  -0.045436  -0.019114   0.054221   0.181247   0.355377   0.557115   0.758418   0.929067   1.042851                   1.082263   1.041366   0.926829   0.756985   0.558542   0.361202   0.191175   0.065217  -0.010005  -0.045600  -0.040124
  0.000000   0.000000   0.000000  -0.000000  -0.000000   0.000000   0.000000  -0.000000  -0.000000   0.000000                   0.000000  -0.000000  -0.000001  -0.000000   0.000003   0.000005  -0.000005  -0.000023  -0.000015   0.000050                   0.000128   0.000064  -0.000274  -0.000716  -0.000621   0.000771   0.003396   0.005395   0.003199  -0.006551                  -0.023636  -0.041201  -0.045267  -0.018023   0.055927   0.182980   0.356567   0.557454   0.757917   0.927941                   1.041366   1.080661   1.039879   0.925733   0.756548   0.558900   0.362443   0.192291   0.067936  -0.011927  -0.040546
  0.000000   0.000000   0.000000   0.000000  -0.000000  -0.000000   0.000000   0.000000  -0.000000  -0.000000                   0.000000   0.000000  -0.000000  -0.000001   0.000000   0.000004   0.000004  -0.000009  -0.000024  -0.000008                   0.000064   0.000131   0.000035  -0.000330  -0.000746  -0.000546   0.000977   0.003627   0.005427   0.002820                  -0.007352  -0.024575  -0.041791  -0.045079  -0.016947   0.057593   0.184675   0.357744   0.557807   0.757440                   0.926829   1.039879   1.079049   1.038393   0.924668   0.756072   0.559511   0.362993   0.195002   0.067916  -0.013683
  0.000000   0.000000   0.000000   0.000000  -0.000000  -0.000000   0.000000   0.000000  -0.000000  -0.000000                  -0.000000   0.000000   0.000000  -0.000001  -0.000001   0.000001   0.000005   0.000002  -0.000012  -0.000025                  -0.000000   0.000077   0.000131   0.000003  -0.000385  -0.000766  -0.000459   0.001184   0.003843   0.005434                   0.002425  -0.008147  -0.025482  -0.042343  -0.044873  -0.015885   0.059223   0.186336   0.358909   0.558173                   0.756985   0.925733   1.038393   1.077415   1.036925   0.923470   0.755905   0.559455   0.364412   0.199227   0.053285
  0.000000   0.000000  -0.000000   0.000000   0.000000  -0.000000  -0.000000   0.000000   0.000000  -0.000000                  -0.000000   0.000000   0.000000   0.000000  -0.000001  -0.000001   0.000002   0.000005   0.000001  -0.000015                  -0.000024   0.000009   0.000088   0.000127  -0.000033  -0.000438  -0.000779  -0.000363   0.001392   0.004045                   0.005418   0.002014  -0.008933  -0.026359  -0.042861  -0.044650  -0.014836   0.060818   0.187962   0.360057                   0.558542   0.756548   0.924668   1.036925   1.075893   1.035377   0.922569   0.755520   0.557734   0.374519   0.165124
  0.000000   0.000000  -0.000000  -0.000000   0.000000   0.000000  -0.000000  -0.000000   0.000000   0.000000                  -0.000000  -0.000000   0.000000   0.000000  -0.000000  -0.000001  -0.000001   0.000002   0.000005  -0.000001                  -0.000017  -0.000022   0.000019   0.000099   0.000120  -0.000071  -0.000488  -0.000782  -0.000259   0.001599                   0.004233   0.005381   0.001591  -0.009711  -0.027208  -0.043349  -0.044414  -0.013797   0.062393   0.189574                   0.361202   0.558900   0.756072   0.923470   1.035377   1.074191   1.033864   0.923158   0.750665   0.577600   0.321488
  0.000000   0.000000  -0.000000  -0.000000   0.000000   0.000000  -0.000000  -0.000000   0.000000   0.000000                   0.000000  -0.000000  -0.000000   0.000000   0.000000  -0.000000  -0.000001  -0.000000   0.000003   0.000004                  -0.000004  -0.000020  -0.000019   0.000029   0.000108   0.000109  -0.000111  -0.000534  -0.000777  -0.000147                   0.001804   0.004405   0.005324   0.001159  -0.010475  -0.028027  -0.043811  -0.044186  -0.012805   0.063907                   0.191175   0.362443   0.559511   0.755905   0.922569   1.033864   1.071127   1.033699   0.910393   0.774615   0.500573
  0.000000   0.000000   0.000000  -0.000000  -0.000000   0.000000   0.000000  -0.000000  -0.000000   0.000000                   0.000000  -0.000000  -0.000000  -0.000000   0.000000   0.000000  -0.000000  -0.000001   0.000000   0.000004                   0.000004  -0.000006  -0.000021  -0.000015   0.000039   0.000115   0.000095  -0.000152  -0.000577  -0.000763                  -0.000026   0.002007   0.004561   0.005239   0.000707  -0.011227  -0.028784  -0.044173  -0.043864  -0.011818                   0.065217   0.192291   0.362993   0.559455   0.755520   0.923158   1.033699   1.079082   1.025162   0.952772   0.697350
  0.000000   0.000000   0.000000   0.000000  -0.000000  -0.000000   0.000000   0.000000  -0.000000  -0.000000                   0.000000   0.000000  -0.000000  -0.000000   0.000000   0.000000   0.000000  -0.000001  -0.000001   0.000001                   0.000004   0.000003  -0.000009  -0.000022  -0.000010   0.000050   0.000121   0.000079  -0.000195  -0.000620                  -0.000745   0.000104   0.002225   0.004729   0.005147   0.000195  -0.012111  -0.029711  -0.044604  -0.043281                  -0.010005   0.067936   0.195002   0.364412   0.557734   0.750665   0.910393   1.025162   1.044223   1.044358   0.850205
  0.000000   0.000000   0.000000   0.000000  -0.000000  -0.000000   0.000000   0.000000  -0.000000  -0.000000                  -0.000000   0.000000   0.000000  -0.000000  -0.000000   0.000000   0.000000  -0.000000  -0.000001  -0.000001                   0.000001   0.000004   0.000002  -0.000011  -0.000023  -0.000006   0.000059   0.000126   0.000067  -0.000229                  -0.000658  -0.000748   0.000178   0.002391   0.004943   0.005299   0.000113  -0.012639  -0.030881  -0.046483                  -0.045600  -0.011927   0.067916   0.199227   0.374519   0.577600   0.774615   0.952772   1.044358   1.120807   0.998439
  0.000000   0.000000  -0.000000   0.000000   0.000000  -0.000000  -0.000000   0.000000   0.000000  -0.000000                  -0.000000   0.000000   0.000000  -0.000000  -0.000000  -0.000000   0.000000   0.000000  -0.000000  -0.000001                  -0.000000   0.000002   0.000004   0.000000  -0.000011  -0.000019   0.000000   0.000056   0.000105   0.000039                  -0.000221  -0.000569  -0.000602   0.000227   0.002108   0.004225   0.004467   0.000055  -0.010740  -0.026329                  -0.040124  -0.040546  -0.013683   0.053285   0.165124   0.321488   0.500573   0.697350   0.850205   0.998439   1.023144
